-0.30999623175080815
0.25808028261081867
-0.4010614206939035
0.3978705339043326
0.17200857210151024
0.2438657999754126
-0.4141513628866025
0.6235323600319642
-0.020596141536589892
0.12529005324586365
-0.4784517883141309
0.14420028651581873
0.11723994727293839
0.42626529862692714
-0.31625573974031146
0.1941795516002923
5.146732877811247E-4
0.6730233247814318
-0.09988022095466725
-0.3112023809037351
-0.09670487597273861
0.47797189673612167
-0.15144753314554454
-0.2914319170749896
-0.2887425619060607
0.07599918132816823
0.054852346769250764
-0.10721686151316094
-0.47271262437629213
0.276492720405371
-0.34338025761731267
0.03905286452709941
-0.43368836652504505
0.4254154371971642
-0.17315385555081825
0.40210869986986936
-0.25835177774549833
0.7493977109638135
-0.058074315788637414
0.7819264447547628
-0.09668393962278728
0.5569833101337961
-0.1764466734295955
0.39689204396172234
-0.6677983485929367
0.6562353628255795
-0.5444806525342454
-0.20567869644683584
-0.4795780713703849
0.12082441866603537
-0.306330672510265
-0.32361403963582874
0.08310207211260393
0.6386270804565709
-0.2721127516282296
0.33490527792637736
-0.6428644474289236
0.4604306047466777
0.720320836350482
0.6064824782866368
0.6772991225307304
0.12094126324745101
0.1543821353833712
0.3569381510694298
-0.40323118224148013
0.6635502300157882
0.36544372369044203
-0.20493244500089136
-0.09464568239394178
0.04683819393758573
0.16514864450776648
0.21444000942559327
0.7583790273145605
0.4582100731204473
0.38948821426495184
-0.6185630688358212
0.7687474145638079
0.35201319591107666
0.2101655004982906
-0.16350435504543828
-0.40729075314403773
-0.4603252155785211
-0.1150676667429672
-0.071999740277769
0.405691505688987
0.020642652613098104
-0.3709658391087406
-0.5612282852473025
-0.31516092233748005
-0.9084664287731632
-0.37882820023754427
-0.5899601759853544
0.1645641528892487
-0.1636171850572684
0.463038730224525
0.1292219379350762
-0.1224799213668955
-0.47612691694681336
0.24489777219085582
-0.2536463575460412
0.12331990098463096
0.31844095669488043
0.5193852356726275
0.8480982382356991
0.31971563888008075
0.4563911830294415
-0.4813575921312497
-0.1481975871913925
-0.41592191411288454
-0.185356921961594
0.20722457457405957
0.28459113167297373
0.2587034758744055
0.5876793597366656
0.08126534836061726
-0.049357416077030376
-0.0094509712617212
-0.2343878436281645
0.7069989174309645
0.5565483912046217
0.1303269483381183
-0.15279164401517925
0.15558974892767027
-0.3741263647674628
0.2487401133253286
0.5814229442675956
2.2564612887956175E-4
0.08069776463773312
0.3417495059243762
0.5393467131065123
-0.029269684768230705
-0.09118510289659673
-0.4096200311466888
0.14652643757913392
-0.6553217059150958
-0.7559164417406623
0.5876043360224141
0.12830007903843352
-0.13211351563812093
-0.29722774179716255
-0.08947471622710863
-0.3120451308218312
-0.5500000957528026
-0.5390262345252577
-0.12522180379304124
0.1968194936452212
0.34980365838512373
0.5944863752583479
0.4701956865125666
-0.09652681197374365
-0.11385778856892335
-0.1882102222183834
0.27178448046668885
-0.11007911975240489
-0.5357225471219399
-0.4065219411380431
0.5227958341062576
-0.0534640881701299
-0.009079618060350484
-0.1483246081720274
-0.06050063465498625
-0.38341442331701214
-0.628002629423281
-0.644847802602873
-0.5821458342945005
-0.01850863321852579
-0.7125430402638017
-0.08160593146587602
-0.3915364083547221
0.8834950155851865
-0.678975252993474
-0.3123520839083692
-0.17546437918047517
0.46963863643862885
0.00916181354285617
-0.10649971799618825
-0.7385393614524726
-0.4183462938734239
-0.18974110186922769
-0.10824724131327665
0.4589489119373064
-0.3123506444311365
-0.09946582028402993
0.17539192853009442
0.1309913689971157
0.6456850384970166
0.4490530326289559
0.37771647446989753
-0.06232508258244433
0.012246149297800433
0.06702213576456598
0.8289053338831579
0.09088317424754372
0.5362760543487024
0.3562509314401065
0.6291150403046136
-0.1252049890104521
0.07818296071120592
-0.26451952762292713
-0.04716729076561993
-0.44100618515377643
0.31175432790298097
0.13472346380143704
0.328421188267068
-0.1571504537580749
0.4304679256272479
-0.22457895363776145
-0.19941423876904174
-0.6956933093682621
-0.003217177008938646
-0.15325450077443964
0.5742371412234569
-0.5489781037451288
0.7314196618487147
0.507692999960847
0.7408162712318382
0.3616710502877047
0.6969976698404838
-0.16748306239939034
0.9119019674296319
-0.5525708946944372
0.28397752431788104
-0.2636665037310939
0.5235432590983988
-0.3568301785773147
0.7577674273224478
0.5128893029757353
0.8122434218344146
0.12552934106936228
0.6362212792900938
-0.01219396287070742
0.1267548623679192
0.3569711197899217
0.5990613987980364
0.4674137863470089
0.5820563622667834
-0.027510892696422908
0.17806715423865455
0.03217285439930939
0.2484035306052718
0.08918918130485037
0.7059247327674736
-0.3258638533066588
0.20821236200185075
-0.46719264763015445
-0.2358790512850212
-0.06272254761059451
0.09758311205392277
-0.18304678766035928
0.42822309712814505
-0.00576358017535904
0.7746158023462102
0.42818194935817305
0.4309211942765526
-0.40983981916182566
0.6178938645125327
-0.49297681134574584
0.43570320816017666
0.345874929495697
0.7412734172355118
0.5820119790800695
0.6390151705531515
-0.31242526292039086
0.28653924738939046
-0.25241111633701574
0.8263633000665027
0.4062654447712007
0.07932625377640903
0.4180833402443225
0.2112789295400349
-0.26576077350881144
0.379343210114794
0.49879013172670517
-0.4014326769990441
0.14642998684308306
0.06032405901625586
0.3900845749671273
0.22672088279059802
0.8217020512153489
0.0030316796663108635
0.7871252710790247
-0.40626690218406203
0.8346740449056601
-0.0797390616178105
0.11759325987923916
-0.03935451682000759
-0.11868698617984512
-0.3848901387400613
-0.08305846389481608
-0.3987712191087204
0.3084373931959217
0.011628125470034152
-0.2273074392670249
-0.6763564804413178
0.13688505015712843
-0.6596279634190803
-0.11610915059492516
-0.31227169883343864
0.43845618852603047
0.24994039940007973
0.6112817824083412
0.030182833669603774
-0.4031546241911973
-0.47732779533127045
0.20755351410081574
-0.14754640220196721
0.3000261237766974
0.41268346382560067
0.3808716729059874
0.8341058366334563
-0.007482493614932258
0.04288698814410261
0.026959179797617097
-0.0663387200709534
-0.12588956241401233
0.46757068444306565
0.34445857133018837
-0.12350677067707672
0.5305070522431927
-0.3745168486928719
0.21763628734862756
0.05355254028425151
0.027246618911664525
-0.24067349183774156
0.48953646456967803
0.30803900414179775
0.4712242971091236
0.5225663940817187
0.20148241008523923
0.5649706548285982
-0.14255060916006934
0.630235569782414
0.11396458257797822
0.15250666426229245
0.3157129155150544
-0.14130507888100252
-0.06529430543633498
0.10293358776699794
-0.09003995830250858
-0.07873306137740696
0.4005616389040001
-0.2622112744849109
-0.30461458233998523
-0.1265702198942753
-0.4751974273944466
-0.029639406719103912
-0.35720378860537527
-0.06109047373989088
0.11022726228764096
0.23612376904103166
0.3317285463606801
-0.03091567003590238
0.013058932346486288
-0.2030945263725424
0.3047147069084957
0.02354104363490027
0.636718295056086
0.5880083478794653
0.8864368986389496
0.13667547463376342
0.22092007829946997
-0.19392648501776844
0.1910623026619445
-0.18618838733671714
-0.2120560529285621
-0.0561125060980993
0.3706401232372325
0.10926482166715663
0.36646029683757003
0.12547125320768684
-0.07824583311835248
0.11077276585568104
0.4458838736199135
0.12716138532909815
-0.04128989027730516
0.590691541984234
0.5330635759977127
0.2987276213112624
0.008387021284016496
0.7820912377593194
0.48577939867762054
0.5167671327069719
0.07842551945722888
0.2331275551734744
-0.16991650448244164
0.0019103699949474225
0.19650830692599422
0.4471141306617235
0.34731064825062447
0.16376676234503318
-0.38944315230272053
-0.1250849321465382
-0.8321885213438501
0.004897267789418325
-0.7072118021141554
0.1860716215549241
-0.12558626927604927
0.5854947970915156
0.21337405394420214
0.32677442819422514
-0.17168625718836228
0.27650509986533
-0.013314613216268973
0.26646165401467437
0.11727624272478998
0.34326788826500015
0.676128046791271
0.5243474301407876
0.5614060910498168
-0.13362411934509288
-0.5324738438467054
0.028433726248588698
-0.43086905129725067
0.6127999420533304
-0.8950450180854194
0.3836690929780749
-0.2523957355715304
0.7897865618061108
-0.8000835202417934
0.3797238740929191
-0.014641194877964342
0.9703065522886378
-0.23918536045423486
0.32741434958364507
-0.4713572779917608
0.10008541331955759
-0.24652880015248305
0.2928400540577906
-0.14306835134866192
0.24130958787064957
-0.475904708720516
0.006772887920078204
-0.287765289240846
0.5222147946724979
-0.4037529227989955
0.29640320266014564
-0.7674760122293038
0.6203123881967351
-0.7906724550498893
0.20108969084728845
-0.49353872273805194
0.4845679631672086
-0.5786305021547642
0.3326527915670116
-0.49438651524838045
0.8106168426087507
0.18830828600670965
0.5723245692350735
-0.8302474743807728
0.7219834690565167
-0.9072211404845344
0.12148826387962926
0.013813995320756901
0.3486261146384317
0.14470227398222607
0.2643724734285224
-0.6396445153472677
0.8387927006192109
-0.6899534837802012
-0.3123209104244583
0.29465351406902957
0.07365205388064917
0.5805824649790854
-0.6983887342668391
0.8045646300830099
-0.45660983499507124
0.4881756889432954
-0.34931766846382145
0.4574449587805142
-0.21670500230362308
0.4847367144017207
-0.3064996523543389
0.4364032917893945
-0.1896692604183514
0.22939576604229112
-0.2635415258404358
0.28760658615405815
-0.27515949506790693
-0.09561108577647759
-0.6539230946906941
0.7675054272362313
-0.3510186169694736
0.25852207781141096
-0.6191738938889549
0.5993609651480342
-0.2526886652968377
0.14808717902612348
0.1418519329420297
0.937617640225918
0.4253702208107912
0.6730057220218566
-0.43294412700203955
-0.44736552004031466
-0.6840319094349451
0.7288893791504909
-0.6396541104418314
0.5024300241464607
-0.17660386686274218
-0.24331186257606296
-0.013112569439434375
-0.04224043684305271
-0.15203929735084257
0.589824336729206
-0.5254906529018537
0.35345800300740143
-0.3911562356827156
0.08586780091697124
-0.5745807320560314
0.6237068317999743
-0.3435890091041845
0.8443834678345998
0.5524539248428599
0.6802649300807464
-0.14821493490530752
0.8523791698294486
-0.24054682906184358
0.14772131597001378
0.1581308621205294
0.836130928488283
0.6425169677956805
0.7552554541689791
0.020901942495527844
0.4547296638245614
0.2847273346201696
0.2854926316037147
0.10867407962221155
0.8698200518011868
-0.1323518331335054
0.35903581301976156
-0.4996990977008236
-0.12134812521145837
0.12105268420251301
0.02863284398967139
-0.34316495740471664
0.20487966892681042
-0.21930002561175443
0.7212462911246736
0.7223354758383206
0.5837318453220462
-0.3428529213401488
0.5892526098151765
-0.5131081594533801
0.4983502888935991
0.4568772957605966
0.530782763022008
0.8077425889916651
0.8511540916471618
-0.3546721732003293
0.1680738666146286
-0.11147043281143143
-0.6833924230562003
-0.11658708584059273
-0.5330449022711253
0.7949428378244879
-0.06047144878045121
0.21303001995480925
-0.8653797307814755
-0.10334495792061252
-0.2040264899494109
0.29132073187249646
0.2239533639102464
0.038978001004211685
-0.12786501351927576
0.3557205232301439
0.14722700194072694
0.7294310463763893
0.3912285412117517
0.5004791689811211
-0.4496733196866802
0.32467903851030927
0.0524401977439376
0.9611154882387528
-0.3119299966299232
0.821602693735836
0.1091747912051712
0.7813682281233799
-0.2703248033779169
0.4436732898854529
-0.18403730487590386
0.2758819848549567
-0.641614364252354
0.14407780557986294
-0.18183875521226522
0.6697374177334314
-0.428851536521489
0.747311794644241
-0.03228700550982451
-0.029772344208398624
-0.49630660863722614
0.045985604556490846
-0.13022196343639555
0.7894759106775585
-0.7950432619910722
0.9128700926099234
0.6231772191851758
0.12711569181462348
-0.3641732488922356
-0.1632084545758464
-0.32644875705625365
0.45601164235950203
0.6026427077818882
0.1814021129003518
-0.06662783040466039
-0.256028563873604
0.4404295243777547
0.1074436966100919
-0.21961894794897344
-0.5790110621095097
-0.45662900720469124
-0.8270458271280767
-0.7970595062354814
0.45322000771154586
0.1976387762944526
-0.34255610382152163
-0.7425914662293945
-0.13476930279150606
-0.6268434685529025
-0.6388536753134693
-0.8869045855815325
-0.05626552374506675
0.09090128014485858
0.19503356014079531
0.3853232716304073
0.43885845125197603
-0.28630649184998563
-0.3220431488244859
-0.16460892334023008
0.02073461523316457
-0.329660246080341
-0.3922123438398995
-0.21393805642715674
0.5979601940654493
-0.008479246902676726
0.13440420139118378
-0.594701366796807
0.1988827925726521
-0.8004220364097194
-0.5790973528950659
0.2578989796570735
-0.6333867363755289
-0.29318611267667
-0.16672337705899204
0.8014844258420197
-0.5046594749313348
0.4921555481517828
-0.3175380532976815
0.5392942649031572
-0.5490841495646531
-0.41433358268373466
-0.8375729514471341
-0.14113929751077262
-0.9188669356378486
-0.6976863817294933
-0.15628120464808493
0.304295730330962
-0.7683315991052921
-0.3030506598725897
-0.6320321831900289
0.17082293226692122
-0.5356754859931289
-0.5416470076480949
-0.09648088464730531
0.6388200516423763
0.2281510080325884
0.7429464863846993
-0.24690525411281947
-0.8122333451425762
-0.8029584355397148
0.32028708834676406
-0.47421486139500624
0.3490585229195553
-0.4753225388955097
-0.39174361077816683
0.27886409267999135
-0.5262293357611388
-0.4972878819723307
0.09785739807384489
-0.1514516927580041
-0.29316193263774576
-0.7393291642482481
0.6238852331542367
-0.12604157838351943
0.7593473370559989
-0.574711009665407
0.47507334075192437
-0.7862594270204899
0.5334904496015713
-0.46139820531653863
0.494056832551736
0.06421494089706035
0.41981061062953995
-0.100630331390624
0.30779110551038835
-0.1563361248810152
0.8102295533940106
-0.42535838884712124
0.5272724129921984
-0.39109382913996826
0.913150847526918
-0.7736848873561485
0.38084267787796766
-0.2398212316530593
0.4466940329182677
-0.7220984779068909
0.22206458095801113
-0.6136845781706517
0.8661528113326281
0.6323145650456293
0.888538002609711
-0.8437740600745585
0.8839730038254603
-0.9224394008083912
-0.07827497987493477
-0.13147097651251538
0.03793519460140878
0.35755778913533387
0.41564359817641583
-0.5117200238583681
0.6013168283614875
-0.41267114599520766
-0.2347003893659961
0.508984217829828
-0.7132918815968794
0.2472279665749648
-0.17490216112384233
0.49823765395136155
-0.03900940163750822
0.36043247312793275
-0.11283544915222678
0.4535546499916741
-0.0030481319902194125
0.6646903490030165
0.10351306741207521
0.2813723271201159
-0.6770592393269864
0.7292854125289001
-0.09833446731531699
0.7729639936108804
-0.5862672543135773
0.8634242270450162
-0.14167420939316677
0.605418176430131
-0.10769659339598979
0.8680435362875263
0.1768481907183919
0.6202837207638968
-0.6118648796432906
-0.1222379217525703
-0.5124838478143124
0.8754312357208439
-0.6295107864886275
0.767420466294393
-0.08110353292817946
-0.11932523032994195
-0.24087257571336151
0.09340014562780295
-0.0844946856405203
0.8500954070500798
-0.8508100777979551
0.8015859611224155
0.41842760010048957
0.4884040735412811
-0.22434696579237146
0.6415893623205063
-0.1717594181807828
0.5662010587037095
0.1300333959662517
0.6577250720842939
0.629051118806772
0.8241228850107849
0.3995748457331123
0.573757165098125
0.3121431772603013
0.38993878628258477
-0.039034512632286064
0.9484001881664248
0.17114430063395242
0.42482573642425736
-0.27299016734103687
0.015794245946191512
0.34967043939847947
-0.013219006159544574
-0.3327071931536549
0.24166446930188218
-0.1476873484256072
0.6865824418315715
0.8136365270127685
0.737944448654657
-0.3927193905439208
0.7520965904967918
-0.3575329052913859
0.3708092980863702
0.2974060712393643
0.3868258315037597
0.6813395308981365
0.6598350184565344
-0.05561113193109281
0.03454764845473464
0.16629301721379816
0.075351206963083
0.008791406584946993
0.44954100153937854
0.27594362035913483
-0.0488611833788646
0.3188851486035015
0.4821512795970128
0.807585862628466
0.6875650671882149
0.42301497531070453
0.5288787046325819
0.554320700294282
-0.5226637947347478
0.5923786347105704
0.6053282999851989
0.42592834598297674
-0.18198519411804048
0.35630697100776765
-0.051317022995059934
0.6280825312425379
0.09938666638941515
0.4081598141863572
0.3773875194731349
0.18789181575446212
0.033373133811922064
0.3523231167094785
0.061393077987813786
0.3785748054351029
-0.043791108815783034
0.1597169650457608
0.5164152197238754
0.3530532493401727
0.2087242908321737
0.6296874768858937
0.5224536603835592
0.4276004484957885
-0.36571342684663527
0.5465836183574726
-0.08628451701384034
0.37286839910260966
-0.35776462581389534
0.18116211973970991
-0.04627719530024734
0.3377970563232397
-0.02333839634076683
0.2698123815830499
-0.3354604024051424
-0.04446049449548944
-0.34307718828851697
0.5366823646599664
-0.2742635482682143
0.3696878326772802
-0.7200341732376546
0.5344929657865654
-0.7494325239430066
0.06072627139416504
-0.47108225592130315
0.4435366022686132
-0.44051022260475853
0.4682264003167779
-0.29927941409634184
0.8889849372583873
0.21361663552131838
0.5400775616129097
-0.7828795837658047
0.7618308047275117
-0.8529096604526986
0.10131196424130327
-0.008023403191299239
0.5025400001565364
0.2202669270270868
0.32484740029851567
-0.5559394884311202
0.7311077078450114
-0.6407418245852826
-0.11146896434101299
0.7349032498313609
-0.41880629086318016
0.9105660955044659
-0.1936136294029014
-0.032296361773511875
-0.48253359018810266
-0.09679767045796202
-0.7292448187998167
-0.3676614403205224
-0.23251969798078023
0.4305312253273009
-0.33868469607949525
-0.18660072314492754
-0.8198689703613932
0.13249944643248762
-0.8818147756058885
-0.3336683148304045
-0.5142212446823954
0.5785847488670285
0.07385433172359504
0.8508342653727025
-0.13692070959499966
-0.5330942946551326
-0.755423493510096
0.40793008422310817
-0.40429801786969277
0.4755812210255712
-0.007284915438926181
0.127648938822023
0.7156953937096409
-0.1409921557570065
-0.08237142710255407
-0.0034342994459671755
-0.3199512867269299
-0.19720207506095902
-0.37047174510046793
-0.011219631406553526
0.1798196884450511
0.990981630814164
0.7446999866059029
0.5454972667222966
0.01882617847774771
0.3567302148964635
0.2750001887814446
0.304535119183934
0.3801055587001662
0.7140886229153447
0.0049797014424291285
0.24097156871401856
-0.508092782449128
-0.30941930953133134
0.07904729591693654
-0.17564983982465013
-0.23029666794504616
-0.043312769419058796
-0.1109149967492526
0.5262537567549127
0.7873704567384965
0.36159937454007607
-0.02219731998926859
0.25741400701758077
-0.36144012532827763
0.2975370656745071
0.4154766361313636
0.37766246379359575
0.9507429486360417
0.9945941479781585
-0.41365702258441917
-0.1596932006383166
-0.074488844675317
-0.3648172529516985
0.7181537353148868
-0.42333181986588597
0.019061990890182765
-0.11710941619615228
0.1280211862091251
-0.24345326577901066
0.18004830066743283
-0.7002372014880645
0.24217526222274655
-0.16926872939252455
0.23955892498175713
-0.8795138299944004
0.6437358913964735
-0.4953745174561783
0.2533761785711776
-0.5062074511415368
0.5740153086678325
-0.02830088824485243
0.6515224827332171
-0.5003936223065274
-0.5314801666157632
-0.6472792962157373
0.5202923381637371
-0.45805543322043146
0.7836931715268572
0.396684521552751
0.3671257334643604
0.4377052224333019
-0.27752586436955634
-0.30293225374096877
0.4312543587930167
-0.3738312725846268
0.31628632409355073
-0.2438816348052691
0.07761272650557297
0.18314590326230196
0.3566691023980898
0.6925308590830731
0.338255355328881
-0.1439056763857969
0.5475819992743844
-0.1827332070887712
0.4197365368025984
0.2924288544451233
0.613099440941898
-0.006723419508886014
0.4450066480148263
0.24417613608008748
0.43662355066241365
-0.11749096757833541
0.5027861907226123
-0.08109518618303599
0.49341622820737885
0.49718561250685556
0.6898950546145572
-0.43539802788604864
0.7093771731196027
-0.32012804734414807
-0.38940913199534405
-0.5264638148886419
-0.2320944726230569
0.11937980073187109
0.0020378356088874634
0.3510146326335454
0.028176232653443052
0.28202412346997935
0.11857455364374754
0.36046167874955826
-0.11627735137312314
0.17483087728072064
-0.42535887715129256
-0.12606366584655898
-0.23129631312543067
0.59388611849163
0.05154955428858335
0.05595103561998767
-0.74976251569072
0.17856703244839067
-0.8928681359974252
-0.04497342206152978
-0.5473253354211798
0.5976455215529505
0.1619886871451704
0.8687936103884201
4.837617506253683E-4
-0.17941988371901818
-0.5517642616577818
0.4581895498696235
-0.2607861923523224
0.47359817834094814
0.1581000714240079
0.26593002724673104
0.7909710371354988
0.2176199861064931
0.23304329788980543
0.11735153341867645
-0.49690212415329726
0.04365309020084675
0.7889531076528158
0.5858544609252869
0.11850672731009472
0.42523890297677547
0.29391249001791253
0.3081878620724616
0.40686269940817504
0.7404030173092178
0.08742482896000071
0.2995481989871413
-0.45654777211343023
-0.22379747437944078
0.15018069009921006
-0.09738942427097277
-0.2001502245926485
0.012100515590888384
-0.1259965618873768
0.5221379674160004
0.8396928378829418
0.41280396645561945
-0.008116642578191422
0.27523381517444934
-0.3672982464262108
0.24193786387066837
0.3383973182730291
0.28046840690116265
0.9730948756507984
0.9904639405852319
-0.3252360340031237
-0.1995861754810321
0.010828326277930057
0.684765695434826
0.5935953396098492
0.5441733432242266
0.49637971528245567
-0.13049217088710952
0.6846983628662473
0.7556479430578358
0.5684590205198673
-0.04518704235112961
0.15361232644594675
-0.22738330043996086
0.5986584105398195
-0.13236072796679002
0.28968976258184714
0.2085518003170522
0.2423707336687983
0.19288837349642973
0.7194464352868851
0.1970332406183777
0.390461042913585
0.050590468610649475
0.11604094125793052
0.29719738626394443
0.29413850861004986
0.2029772532257627
0.909287903677047
0.8078011786153737
0.2917241445881331
-0.6083774625090064
0.5511512044402692
0.3908162215303721
0.8960894750097891
0.7137275471520704
-0.057085132223126805
-0.0157483227691183
0.9440846634651426
0.39942210686270097
0.3733649301525516
0.0401208876633824
0.3162463312666548
0.6929948570019806
0.09673836510015899
-0.279870438391073
0.12866607172253822
-0.36732254844609913
0.33013289605392937
0.7664083857919147
0.6915827817227131
-0.1762933220432306
0.5014794466703922
-0.1927436119440115
0.6258313379067698
0.4558496364538271
0.06327270718121679
0.6532162853541269
0.5813823941981056
0.1671620987097185
-0.011711319654935711
0.4638363257543598
0.4024048991067866
0.20355152585061576
-0.07793887737536338
0.42209828639075114
0.3967399311728462
0.8025175573483272
0.00613391530611336
0.5745474682739539
0.13018183177688936
0.6778469899465576
0.12340340205258464
0.49061056692227795
0.44646067550340546
0.3936458206575053
-0.015193652941420917
0.4006631642187933
0.18743117283055627
0.314945380451733
0.11645544329551355
0.32423792526836087
-0.20087408572414112
-0.3108610693100113
-0.2136395055972151
0.3016237244437283
0.09820881211445902
0.8170451178626112
-0.6327811383729073
0.8050208995503723
0.828779698683255
-0.15215791594312442
-0.10946343357604699
0.7567841393066838
0.5796407578826271
0.4280463393856198
0.20524296421828866
0.5654836095441399
0.8120456588283912
0.12877837070008144
-0.32216012131984983
-0.08870050126845534
-0.5430981747861816
0.028560518383762654
0.7195804221206943
0.6564353848056402
-0.05961151152145782
0.3049363373697877
-0.07326224185087822
0.5117838442789094
0.3551520479574634
-0.35862921839435946
0.4909654576982571
0.38743257435586675
0.2802621528854977
-0.08169443385197347
0.6181415658443655
-0.5413528640814753
0.01888915089114446
0.5531213090408886
0.6317819814993242
-0.08777333892417442
0.41625386817629223
0.21221303248099743
0.841400384347462
-0.32637317531480126
-0.15075497064890095
-0.43909877005349657
-0.3250215892255151
-0.3775148698928739
0.43322366716398686
0.1924887843832675
0.31702716179181445
-0.14970786957728555
0.3612252895406337
0.7758754873542344
0.7136621306257382
-0.18600918163981423
0.38541417764443925
0.3202637663643614
0.2630143378614468
-0.29771032039748424
0.6561307071660989
-0.32966465675745305
0.17251057234392977
-0.43257450004978637
0.6928133245171666
-0.7876636558147064
0.05076109900216427
-0.5295557772224906
0.2078730304633164
-0.5392364757194906
0.13620770635024526
-0.25206385577513635
0.7750119988880266
0.4155385052659586
0.5745171513537125
-0.7040085445320537
0.6986545310252676
-0.7334235875866716
-0.481370326937198
-0.38035972324878864
0.09949497592492687
0.15888536022849117
0.2379616344048517
-0.5444280178062437
0.39382080990482826
-0.550608139245862
0.06099508194266464
0.379469235466673
-0.4897767800548398
0.30466280231531784
-0.5285854148921942
0.2006992555527064
-0.12349426311498592
0.7967892441268221
0.2954917060258886
0.7005322839861471
-0.1381260670531505
0.0991044854616065
-0.47527200581389645
0.7597597741988658
-0.4902901625117121
0.37871706068648997
-0.13783872393019278
-0.05839748339514063
0.1833533755192491
0.53259380122894
0.44227617545733017
0.36268460558877585
-0.7749442723167373
0.3599628890368891
0.31044817488417276
0.3800199097528943
-0.15187956660725602
0.09248083132616552
0.5347727811318296
-0.01870337442831913
-0.29735478965987605
0.146500358433005
-0.23750112574238083
0.5220276978876548
0.8672810101675851
0.7026494296197981
-0.22499112109095243
0.5927148504114839
-0.2701130269738412
0.5240482812124965
0.43406385877812254
0.26058043793158214
0.7847198053093741
0.7422927600146355
0.015509868596039377
-0.06005262264603548
0.32234650106985235
-0.21250354774781263
0.7648067969320153
0.13547320751383504
0.8985527710214621
-0.22009642235006577
0.392636115681721
-0.0946201757830789
0.21272683014412402
-0.4850454363767855
0.3529686201974771
-0.011358797926006232
0.6140665589198139
-0.2833299268239631
0.6409338494981942
0.11468737762937946
0.07932962021932348
-0.4107415137778958
0.2715595218252045
0.0858748937861474
0.7820612886808737
-0.7847057420560571
0.9706804211126511
-0.5572244729246347
0.6948572221720517
-0.08969900499970597
0.6325027155605629
-0.6792548421581087
0.2089580698042506
-0.7436013705257554
0.6394018492957539
0.5657062924666846
0.8999833172196443
-0.7721911916180146
0.7733412256218605
-0.8475677248545596
-0.21582584287105078
-0.3241698179801327
-0.36267185335900104
0.18389910577113713
0.1855485161307103
-0.2876387403039556
0.5694543431981051
-0.2180208561380986
0.10531273418877427
0.7039519260054475
-0.12062067927968328
0.6582114884652143
0.03782071245233361
0.4042531096217412
-0.7549938551906756
-0.29181454973887694
-0.42057075518426623
0.6851156806345869
-0.5352765974703144
0.8358308106070016
0.11136927003289593
-0.01103893013107091
-0.33842960795287735
-0.2517396046395978
-0.4219119556233987
0.9080871981016061
-0.6068809232452247
0.8395706848410415
0.30339753945082815
0.6982649217592102
-0.384573497213631
0.14309417042836547
-0.7274557737837718
0.0052928840849250985
0.16305928474841375
0.6090166140864913
-0.4281660091209725
0.36300676402394627
-0.36366563918776423
-0.07667618701676251
-0.32237327610131533
-0.7595974322873964
-0.23908751286426277
-0.32662374173846737
0.24135132173028206
0.4325942440088993
0.22731254473107396
-0.10954989766457882
0.19475867404555353
-0.0555863008233868
-0.03709969036865422
-0.36940793038042075
0.422804774597986
0.1977316698541135
0.4144669262077339
-0.09260739671441709
0.48137394800458
0.455960429379264
0.3150513722952594
-0.3199833125856948
0.3256291283045122
0.15760628141691094
0.7074988097634538
-0.5230086178451241
0.9439741467062289
-0.013224078523463814
0.7163534524046853
-0.3252039865337054
0.3771142106081548
0.0135961215897888
0.43650937002588924
-0.445562007955807
0.423539788549022
-0.6105673527091321
-0.4075971496617195
-0.6671184649745188
-0.40471184863132154
-0.117649635329749
-0.19295040893027351
0.17237182910213503
0.4659450292388669
-0.08541335767952994
0.43301850535546044
0.8568865654012591
-0.398173227743443
-0.380194287304013
-0.6811964714210637
0.7579720336506274
-0.5787118460734033
0.6203403114570045
-0.26729464720068086
-0.29283237978383064
0.0679707760743605
-0.026645805922375483
-0.15375718609469965
0.6835482475407477
-0.6874562212713158
0.4440929042057087
0.32085814437294896
0.5034170431840046
-7.224079620702392E-4
0.19438180621252246
-0.20160127214391807
0.4093405281457863
-0.32721947597099593
-0.3581330980190801
-0.587994621506976
0.1484780006680952
0.0855202544581535
-0.0132268536786283
0.3785556355246329
0.09762129845419759
0.040966460777897534
-0.18030156584889576
-0.33891687164368806
-0.6784923663905187
0.6050940958058776
-0.4171301035606234
0.5826523890016178
-0.25662240763418254
-0.1704296630764571
0.44221688630903117
0.006699796252872416
-0.048854409201780025
0.41290010598582955
-0.6502922542191232
0.19618173022309232
0.49942580781983453
0.66862854107412
-0.7330805699554199
0.8620723356259276
-0.8351025842269386
-0.11389633289311563
-0.1601761308615599
0.4406995453302139
0.4256464982081019
0.4879308225749805
-0.45466445194225696
0.47478262993440523
-0.4829003427916667
0.7370857792575942
-0.18984617206573529
0.5161584818302195
-0.3634110002563848
0.1872547393384991
0.20399794330225182
-0.03527430125299608
0.8375067803433724
0.7928118053960841
-0.08794751425823995
-0.15898018894263555
0.2728675268062001
-0.7370716601335291
0.8827296322055772
-0.7029335827386763
0.10930448169182465
-0.03558780726502521
-0.1591425840624545
0.3519953542675869
0.33405062522178364
-0.16376451281409588
0.45617001750201097
9.703737140440038E-4
-0.8736398813686864
0.8372373459705261
0.04503739580728332
0.15547449169362215
-0.10084040879769327
0.1415106389288311
0.046921273470148746
0.5139040426772424
-0.8795086800905314
0.5796209515793712
-0.7535855257295933
0.012543128936186879
-0.13186782287736432
0.1910512480311913
0.20460619290532722
0.22625079232182804
-0.24841523648835462
0.5817279240531895
-0.25096074711615596
0.1796866263566398
0.24926296019335684
-0.04979424579821808
-0.20422020195050572
-0.28896410696165137
0.5977361149532375
-0.7444034268685219
0.6218380908310909
0.9311435986782313
0.361092690364237
0.2769555079024287
0.3217579167186216
-0.10280998692564156
0.0761028759623479
0.19161426275586202
0.43422843012702184
0.34149362018753215
0.4277106210468585
-0.2872488230403166
-0.054129229205534105
0.07605538523144213
0.2684474938223521
0.3837115723460344
-0.37398691597372197
0.06694844310611595
-0.3986696397462633
0.9740848183760016
-0.11180738374854761
-0.3634366446244908
0.21320925282126543
-0.324796836605796
-0.23603259524455808
0.013764219547416882
-0.5735680303520859
0.8678246460210584
-0.6953996824172246
