0.7607273706144174
0.6986620643189891
0.6601450535976398
0.6170186134883557
0.4026654428355922
0.461919309987402
0.669777964484209
0.3248493200323048
0.6887920846474241
0.14291602987549099
0.7887942625639074
0.31795390043296046
0.18778702014247825
0.4974171020166131
0.5151038282198872
0.25417232968908793
0.27209612535732414
0.36648302198093524
0.41516960033610745
-0.31170747165235324
-0.10239683885972042
0.6151379452992606
0.6525318151479362
0.8141618976800469
0.195771644764329
0.2145411679772141
0.3559837853862266
0.8313912854777308
0.7444712706796016
0.5657923747044559
0.32112735894540656
0.49624040331115243
0.5902149094458062
0.01821566835178662
0.5570344737059372
0.43162170524915844
0.592615672628727
0.34040779545955646
0.47440453738890104
0.3940592461037374
0.2860894276510914
0.522024078251441
0.5249896762740955
0.4088998314548296
0.6656924463834478
0.7369324943888194
0.8559547414632863
0.8209229362360703
0.7190460763958284
0.30439914739916946
0.9056841532545868
0.38640085514007616
0.7262272942918319
0.34144019818730614
0.1662185160207239
0.8997569644691192
0.24702488450975013
0.7046216650682211
0.2526377393766268
0.719177450890568
0.8757358405892107
0.5559561339063723
0.6912309755048351
0.21117425983178775
0.8036862345371116
0.6130006338717559
0.28933631524622644
0.4741979244980106
0.3908659133936156
0.7124976226771981
0.1860914027963072
0.7257809553113692
0.022643536635030305
-0.14821774493717593
-0.15133044455729025
0.8957432964815182
0.358728983099245
0.8134028433421434
-0.03194164983232745
0.6480350615308669
0.03647490200486667
0.9330691154887245
0.35300877854621054
0.7565796649046942
0.04385803616964994
0.728873551262663
0.4873306201743595
0.6300031864225848
0.5996416844804451
0.7590065388373124
0.6132871350741176
0.5137201237292877
0.4721226165449304
0.6966632914403192
-0.06830623986353043
0.8723706485145962
0.10209654757963557
0.7056433220176521
0.5589987706283664
0.3907939564527645
0.810141232238602
0.7690365044688537
0.4287231636466326
0.6720958745822349
0.7591349782625975
0.7522454595195425
0.4465172178878144
0.6018001489405845
-0.17092332376329789
0.2904012321948775
0.7402137134065041
0.4231891031538564
0.8510059429204726
0.6777667671483821
0.7687528872005662
0.6549725506673757
0.4551505823693949
0.6684131437933954
0.7363890481991637
0.43167961195887145
0.6560444713278412
0.6161288829241092
0.7752516355242303
0.45373759751174153
0.8935774477344626
0.11435302419091899
0.07226813955076676
-0.12457822226449744
0.9559669854241791
0.43124570153806363
0.9224565367248467
0.10440915855485307
0.7984511186549459
0.27019194390782936
0.7980655360708374
0.413444034984529
0.9457665532846192
0.22097893854578618
0.935689240941589
0.6861251891137977
0.6064365756819768
0.8339664699503472
0.8489310052233983
0.6135858353358365
0.7968611325204292
0.6827040939796388
0.9178078782727643
0.07947190165689792
0.9516618838739878
0.33677621192757823
0.7175263312055595
0.5714169673180117
0.2529292906920881
0.574537674196287
0.6595539204277756
0.3541423079135722
0.5205110505215015
0.567782689566702
0.895996512465297
0.4157641687589762
0.8201136813668625
0.04239932061671519
0.2646197644542554
-0.11490928536108942
0.21172043252844458
0.19719733999099223
0.3328257795754921
0.6012149760627278
0.26420783728948843
0.6440184572021636
0.39698431097618603
0.5242625808846202
0.4236777819194849
0.7939749849792692
0.10228482121896953
0.5939211502890918
0.040635366189721495
0.8987513446142597
0.2277235197371507
0.5361903324032679
0.029241234270817137
0.32647060991058424
0.6325935325331646
0.4761900211665987
0.09863904033045176
0.7580804414298042
0.23393301931198632
0.7585327097165244
0.35310491510379705
0.8187997489323944
0.09561548953797312
0.7781518963101738
-0.43101979200100754
0.38093059348617464
0.3312109359604326
0.7135572675892232
0.17726922975622825
0.31140372563917307
0.15090847250947415
0.16436925583389125
0.15072263012566978
0.8369409470573483
0.4161154566553485
0.8664837486871613
0.6338387249475392
0.4165298276868244
0.3867772665090014
0.9132250861555321
-0.2757956923603695
0.4965524349748499
0.1909786671877054
0.8839909844907985
0.3006104861014798
0.5203146415677911
0.1988641486946935
0.5612419120059656
0.808688896105424
0.5918324773553324
0.46371917386455275
-0.10252979739946076
0.5743658605040757
0.32704191894278717
0.5539373587032836
0.0420914857214538
0.5103636077215691
0.3722275117070674
0.3495298682117203
0.5010843768792537
0.17673686612419037
-0.25494003033957435
-0.38433734366501354
0.7292723811080579
0.7535433395063662
0.6717069789171176
-0.46270706912240084
0.4783021237653217
0.08898851935467497
0.7834081701183624
0.7146309184323436
0.5734691430942861
-0.04031067966817054
0.5903034588128147
0.62519403813977
0.3808164142591582
0.8151643902934746
0.4424440572541133
0.38714504815869866
0.3247723635890021
0.6408958321701054
0.6157335419910578
-0.045760122328198184
0.6474517607553579
0.419352266492261
0.32819474720171826
0.5302520269448712
0.39197562528560015
0.6084816377443081
0.26698940201726096
0.22367754185127714
0.6607105269282624
0.7188443000028022
0.522599261953776
0.5914500076283292
0.5599076702004706
-0.32027824717357656
0.1786638992247578
0.04251832296251986
0.12877886474610628
0.1287373538428968
0.344548915303192
-0.030919631122530822
-0.09830344510121126
-0.34899609785487573
0.4480355397213334
-0.010005621339259274
0.018168532031271206
0.08329137003169967
0.4148240751975803
-0.17248681389831075
-0.4187594882934663
-0.6313049745497253
0.5240565820222415
0.545982460008184
0.29810392133538255
0.21580670851673772
0.07618489721601229
0.14617079467403007
0.37298749822943356
0.15549899998632663
0.34381192589955617
-0.0662135309551839
0.5914055073439579
0.019630563083515455
0.13763615218085995
0.4121989384850985
0.020934424673204992
-0.25016202917519387
0.5334647077873145
0.4987733577097273
0.35884402483941874
0.7417270811288242
0.30961993493656653
0.0984733481123528
-0.19810585935925762
-0.25793479118695306
-0.025088532781446318
0.09707931226080435
0.4914721776951761
-0.1043232690773301
0.036336358753585145
0.18641488837204423
0.19347677138759975
-0.1394389685705494
0.18240910359327733
0.29764971019635594
0.4194943683800432
0.582153456174343
0.282335405131484
0.3051643177037871
0.3859066435780672
0.7576560654176185
0.3404852339193106
0.644478720780992
0.5647714166164439
0.6931821185830656
0.24083576486941521
0.7394532727131471
-0.06886532137016617
0.4031938470930487
0.1324503874455201
0.7980998112705318
0.0964593243351459
0.7950858654795899
0.0745184633184852
0.7132525333917759
0.06561476989825187
0.5087285164751396
0.21524059437179185
0.9053008555871516
0.1249841965145203
0.7927293228737404
0.611402169988658
0.47184279871493284
0.6043096257535637
0.8501313027232962
0.7371329758455593
0.6821011908746046
0.2973743610503834
0.8280135541692987
-0.3224885956922397
0.7734783197265377
0.3428846224826557
0.7897061375439604
0.5557343933667357
0.3259013798254884
0.458646019362901
0.37421750476014143
0.15147802163998583
0.5817932168440733
0.33080058248083954
0.8108310214357558
0.200483741672899
0.6672937212258713
-0.1403222852285546
0.43589384850070484
0.6452372704887301
-0.12753162593992262
0.8029283770977563
0.34154873185754525
0.37001526920424466
0.023163301669822448
0.2539742302138571
0.4872547601048232
0.11391168666125764
0.4573643392508399
0.07685490783085383
-0.40654847032321406
-0.30645078089690153
0.7004223668302241
0.5057548687331803
0.5886596840306476
-0.38543823673431565
0.44673632669997526
-0.0850349967389517
0.9292742002746728
0.47446254071755783
0.44140538726437994
-0.12035874151345526
0.44175968957342815
0.37639426982338886
0.5451235278287857
0.5199243281672115
0.47872091283247964
0.4150838673861256
0.15766535091026526
0.4406235996858613
0.4443622797607461
-0.12639782444299125
0.6713422705804584
0.030528180156152704
0.450790100832153
0.4974048107526462
0.39341284518069103
0.8183522551252663
0.5525688794587561
0.3851472906446122
0.7166769980802133
0.8477413589014784
0.49502365171643226
0.5596045105097256
0.41800854639750923
-0.3852610043583725
0.7111143167800367
0.6680429875589279
0.5801763825875631
0.8248413107927766
0.821602752952696
0.49380773747691226
0.7860878331222796
0.8264605425586481
0.8497179473816461
0.8524743453154102
0.42141999329133634
0.37058734879407323
0.12173905500808756
0.6373495089810322
0.2859913336162977
0.7461154942223629
0.1784200702089799
0.9187765950317309
0.5896489646193103
0.4212673688916818
0.3528233737018394
0.8116726239018907
0.5198066610039576
0.7797841910440241
0.7989850775017877
0.5746944970506774
0.8782414585758173
0.8021433167319504
0.48157826501718565
0.8075250883695613
0.838810059025309
0.8937301812543806
0.1394431474769443
0.8450360935705085
0.3990116796882161
0.6624688245287926
0.5702033737405261
-0.17238091435136868
0.09161992321832724
0.2973779519360581
0.3636766690687817
0.10505251436719988
0.18228822783065415
0.8915906722673759
0.4696572416848106
0.9890871393917208
0.3039928557876761
0.5545011945894438
0.9307419980622674
0.6300450059114058
0.582285806062281
0.4837246666411645
0.6326348882872582
0.6439747619896118
0.674053792298302
0.5941448392150065
0.6221054881258588
-0.030039061151657456
0.14369521157412715
0.5102341508421717
0.37315768324190063
0.7463869107762466
0.3602338964730553
0.5978991083582279
0.6325498263349769
0.6628529601726694
0.494102754083841
0.5823721981360195
0.6092302054887985
0.5169726582589728
0.6601884175693759
0.3539906201081535
0.6238026284109129
0.6341306034689149
0.5283093703159885
0.5164780049039738
0.7152452891434166
0.5401020243264377
0.346130204858835
0.6987017163750903
0.3184061630490205
0.5961416586920952
0.6729311449897055
0.1648232623199794
0.4875705289934868
0.7386752572962892
0.8091228165106017
-0.0015561568183334738
0.5852524657206879
0.6389289270828002
0.7384029957554757
0.6882408681269842
0.4331407170902916
0.28245699204189684
0.6813670129669676
0.32588154643843015
0.801627292546383
0.5292158799844064
0.6458568941152851
0.706845026223115
0.6919865799997806
0.3560699688574347
0.49288346755447615
0.3273643824364546
0.32137470088452963
-0.10511689607609999
0.49507826928702187
0.7872796868253488
0.6507055011409625
0.714028268413642
0.024738041346862052
-0.06894376912892014
0.6186443671971511
0.6993647196628952
0.6108398476174797
0.45749367557473836
0.31240835993509986
0.4531466769645089
0.6069056818142833
0.2703058033613935
0.8486405933495745
0.5711214015925531
0.6207733658221306
0.47585887350904005
0.5478419551638035
0.2172958697878891
0.495167498084938
0.23427401792627287
-0.3788049310035985
-0.23826163101734407
0.4338408486612661
0.3503203570439667
-0.4369043727012021
-0.2148697829229902
0.6602591438593085
0.09291248349683096
0.7116857016454924
0.7903068817790411
0.5991919860729022
0.5477514137262477
0.38153779363618673
0.5930394462359709
0.587823133949598
0.47284143651327254
0.48052065034123803
0.5475645959533675
-0.08390512462421353
0.16966860021837263
0.5346826176586834
0.3693978061330344
0.7730477526835056
0.17666734396126807
0.5111313594383659
0.42807112171446915
0.776770015755253
0.5697291294639907
0.5565508831394226
0.46230647365440564
0.425829059341892
0.6508712774707743
0.3101763065627122
0.5394021447193216
0.6411253729070858
0.684382827860034
0.3322466899209671
0.524673764804202
0.46054149360836627
0.07384463614710986
0.6649828494063675
0.32389292821034976
0.6666103379142791
0.7929915121723109
0.43865282834199226
0.7370828018009788
0.7366819491873161
0.8358913026569913
0.2475721027257385
0.7784845631369696
0.5794019057165269
0.8145421457863565
0.5626476495139322
0.16177474047549806
0.6570224790566036
0.7059667568253997
0.7390304065445775
0.9213256629584518
0.621147798921225
0.7969452890493967
0.3147234878818886
0.652738771938203
0.5084564052513818
0.5735490365402378
-0.14226041517387042
0.7710626502935872
0.40472434364084087
0.903372908871663
0.4580154609679048
0.3314476549739568
0.11246161060121959
0.8613015096455516
0.5627827960427625
0.6868636580082708
0.7281377668199086
0.5296036874440766
0.5807043378532418
0.9738182126889661
0.78369722412817
0.7565574125709941
0.44489329132694777
0.8178501617457775
-0.19133826230762987
0.8090393944453351
0.30475821110564416
0.9527802381512717
0.6890087886105374
0.005660979483004828
0.21497494931282723
0.40438621743803105
0.46073737846417095
0.1454416318926954
0.13438954600067501
0.9193920731237126
0.36656313370060517
0.8710972902174302
0.26271964454048335
0.1182393024987312
0.8208573418995406
0.5427481272594047
0.8251407572676759
0.42710629459385546
0.6593629047270794
0.4341816972726206
0.36105127461145325
0.23245757504997683
0.23200370620413535
0.5405537687527825
-0.01200318623685727
0.6490004006176547
0.5880295962957967
0.1956829545922542
0.5116000961236263
0.48924011942834184
0.5765247786931941
0.33368613861304014
0.824574765384915
0.22848654433508464
0.6825423492054113
0.5661953100745533
0.529550851868998
0.37446271951088017
0.6032366701163728
0.5484543663966898
-0.12518350354301672
0.4930030928090074
0.5448120149230818
0.5401844471548422
0.7202730537917266
-0.0036391873778345283
0.056930570415948845
-0.048547202041100274
0.46333063104473293
5.706440907165738E-4
0.17687687502901875
0.5738528993265544
0.6815141837765235
0.7512167244686203
0.17773932368743747
0.5648975683212542
0.5900941136952355
0.4421100997958088
0.6721902169985626
0.23762619654820677
0.43550595840470996
0.3387202373773382
0.5307565370854246
-0.02442968215175321
0.7346572404180709
0.7827957812409541
0.5472401359159638
0.5362241700603995
0.27202046635961064
0.09686384111881449
0.7958115158172039
0.5901035949513185
0.7056983527226097
0.5301493028218925
0.18803357836074616
0.43437354326571104
0.7194471799510456
0.5915186261138421
0.828309722389603
0.3708047023756436
0.6493925958636008
0.2822827366188207
0.6001906276992193
0.37821001699937035
0.658842635102858
0.43575114452566577
0.14736372262713662
0.20347969162940885
0.671098210811824
0.4530394214808874
-0.11286541525778059
0.1227789206238422
0.6756756714330713
0.17529768464118914
0.590689106070059
0.5934819970538371
0.5071051709681079
0.8633404679408831
0.5096808620274471
0.759843841941361
0.4948294608021438
0.44711407157048694
0.37012112353257803
0.3348786856696378
0.8184792405073634
0.37237213165518773
0.5964770201516972
0.7946855727386081
0.2756523664197289
0.6695254226461692
0.7298442403534146
0.7963973458299567
0.5317321966871291
0.9894768382117437
0.006622340717236425
0.7676465641396002
0.6763462501796312
0.7488241872790417
0.6103406211659513
0.6312756503094243
0.6514089664040658
0.09142751322958856
0.5451968801041716
0.8449899100339779
0.6402282585969348
0.8649867922670379
0.30073150652526454
0.2206160021038435
0.2635331411663432
0.6653747180806628
-0.09721118631286647
0.3067621438843803
0.6373648796251471
0.7536107707079132
0.7685392444921422
0.46253622224052543
0.4939690108583554
0.903615293424871
0.06938112164242723
0.42771048588756433
0.22452902437182526
0.7069809842156756
-0.11534461209631458
0.6736140199875481
0.2307210728964246
0.967329155932701
0.2522514503847647
0.4665031073895983
-0.052431013545958055
0.8160478381264223
0.30688276768667583
0.7591366142269996
0.5225859342969665
0.8090541153615602
0.5722377800980953
0.9410868055777142
0.5645690884471212
0.7616938648874645
0.5066624312808988
0.853592525846012
-0.13812575098742552
0.9128901767556928
-0.00642218360527875
0.8698580363959465
0.4616583670828825
-0.19440847924749638
0.21974955533524423
0.4617896585826617
0.27686302644557204
0.30579417990483704
0.14454552582868255
0.9587964095105099
0.19493453570720493
0.8744655690585508
0.10617888710580647
0.5289573043750327
0.7732291380075501
0.4034408561336355
0.3018890918402474
0.23804527837593756
0.3248983109263173
0.5963698644015326
0.4152698182878295
0.6106482260673115
0.9023472102785812
0.11935873946745687
0.49866728367849317
0.559194085625633
0.8180581435147273
0.4849976511126462
0.8269387633803722
0.10663228294484688
0.7533810207476461
0.5130042288371459
0.3787097417881668
0.6455786670497761
0.8055377256877446
0.5985986283690586
0.39203937123044913
0.48868640332776875
0.6453647579076094
0.40995185107349824
0.5799503202578764
-0.13879641840545234
-0.12187413454279276
0.16975147796640994
0.5397007576948464
-0.37116153614222475
0.054137944903261154
0.5777443197294265
0.6048624964178819
0.8007633366249466
0.6587194676442985
0.0015572834620833642
0.24495118568035998
-0.08396554865082899
0.8699394341083602
0.1773606301392777
0.7434249934725042
0.2142384105657493
0.9343771961757231
0.2936785592685113
0.5583721933168116
0.074043525556164
0.9037180625994313
0.23573296511952335
0.9557711503081596
0.540241674109612
0.786913885827932
0.7630541017418382
0.8606016502316381
0.4056917565569622
0.922240286673212
0.7082766934966777
0.9653700067660838
0.1455549183253891
0.9614825670335544
0.10354807784765742
0.6892538361070877
0.32965739484482076
-0.19298495051597966
0.2030494841754584
0.5233062099685488
0.15411030529864853
0.32657991662488745
0.19046175122035694
0.9636404006079233
0.13695624460088884
0.9093199445479075
0.17330436033282542
0.22240532911391148
0.4908179741357783
-0.15064479355693955
0.3243486070911307
0.43808217634060226
0.4467338734867208
0.11154479311681466
0.885708241815054
0.04805087338903674
0.6882292894172106
0.1850843072120886
0.8824328232577805
-0.0066658903415065356
0.7202461372357678
-0.40308086161944195
0.3934478244881839
0.18725507779883105
0.44983787446648826
0.14917561553005845
0.45432034301253765
0.0887967905204464
0.3290225869305443
0.06311558687098591
0.7567337883607809
0.23329503823235764
0.7094578319653914
0.28892534329230657
0.1004738426746605
0.1875594750905857
0.8311728032589585
-0.5182146974834623
0.2721586617581329
0.12142266731156616
0.842646806735447
0.3441876062220076
0.6538412394646893
0.8143718780369815
-0.10845375506320945
-0.5985973086470675
0.19225258312955082
0.4576244790431455
0.4487365309357635
0.3519839787519924
-0.46723370389181573
-0.23145515533750677
0.37306736015393716
0.5272955624788116
0.13839261383836057
0.4010995020858583
0.022244104918871434
0.06067226715707608
0.5117433115567819
0.4996672131629502
0.3816512259770214
-0.09246076907060491
0.3280043027873199
-0.3905067602796201
0.14257614503795252
0.2773952860553283
0.5726781521971749
0.35016683193525155
-0.19524466243389355
-0.3896971154694322
-0.2586380567531424
0.09084285506010147
-0.28433967811433813
-0.5151544281907007
0.4002551536110517
-0.037754773830355005
0.4103724617207343
0.3044437966628391
-0.35987712823208434
-0.6021323675180571
0.1457117397072427
0.573611669966874
0.14741129561355648
0.4230201360253065
-0.4045284689764023
-0.07603371237369347
0.12255374617426368
0.6725790657733908
-0.20855789893822987
0.35273697727617753
-0.27757291663357164
-0.19363025902859843
0.3502518610470868
0.6113808648826121
0.040000263781105175
-0.2800776989806234
-0.03377423323260001
-0.3672528431053982
-0.08212085693157843
0.30854208032602654
0.536960588100611
0.5278974425723861
0.11912020148274398
-0.12801667064729808
-0.06774723062504405
0.4845496897450774
-0.4286590710743546
-0.2494729598835915
0.1314850178272077
0.2509520568346512
0.1348085838704264
0.3878375967662092
0.43546065010737434
0.779286291500626
-0.06664429849574874
0.7246483638917752
0.02475883168556233
0.8318553546828208
0.2708407966769834
0.847306145459858
-0.05557958291919689
0.9232543242475626
0.45986033116726077
0.71201154555928
0.7439974243749128
0.7302225675262689
0.41380788704165494
0.7218149210762655
0.6087607441379865
0.8611252415838156
0.07019202266915667
0.9191501489760532
0.1132774027953465
0.5717080566037376
0.3376337244976004
0.16930655791291793
0.5665222381397833
0.6282260841110362
0.12665505695348803
0.6633862276967367
0.5442238866789268
0.8182051004629706
0.20909766935424465
0.6986603257135414
-0.1414317472496386
0.44064929317878326
-0.2680010859526981
0.012937502641380732
0.2767404372915511
0.6156619946144158
0.8290300337509439
0.23750195964197612
0.03656968726386751
0.36278938999764504
0.4231656060409866
-0.06101237414918711
0.6731273877643561
-0.0454805914250808
-0.011079883529509093
0.16935402294499127
0.676876397954379
0.2608935440635192
0.5135738461611197
0.2638963449219278
0.5098672079253328
-0.19588555854656306
0.249694066174087
0.3878136838120165
0.43737573269883867
0.29965550539166563
0.2512720142873542
0.2273006763283959
0.6702208853001469
0.0894079489916283
0.5610538058489615
0.22905286091686522
0.031086686911271987
0.30940678879570543
0.6882763670359334
0.522357862889147
0.7100043253065851
0.609289311266784
0.9200095721784753
0.5171555239372368
0.8009542852489492
0.8634275989274333
0.30867376958734755
0.8102140785586488
0.8330841400210973
0.7972814159336017
0.7331639992665285
0.6507590976281583
0.8083556940056346
0.11646848071661708
0.8250033075583785
0.6105201565449178
0.763792081238993
0.8050915652803144
0.4557897540735353
0.6129379911320256
0.6841913498531775
0.6413190724879775
0.2973135205597181
0.6261179821146624
0.8078175728403584
0.6617096569060176
0.7817809826045082
0.2572901885215795
0.15313799977464543
0.6807527010350274
-0.1869537103314784
-0.06656926048672686
0.3032074408134826
0.768542188217806
0.18733889041471358
0.2713316444604969
-0.21319893195894896
0.013830391392588981
0.3091658377736627
0.31904518340661897
0.47838849304044395
0.12504336941651192
0.1471167585393218
0.4420048846779732
0.10117151459483975
0.2900182326770986
0.332106947034865
0.2412097215193667
-0.030729724421349303
-0.14944536925211044
0.4561638213118997
0.5209961922410062
-0.6647524790875633
-0.18661584217122038
0.2268596331621446
0.10996278994780223
0.2342181492685151
0.8838633476747437
0.31938480140409176
0.4264532614162481
0.04636590715241417
0.8502963510621516
0.31942079198914425
0.819472933477848
0.6131457168482691
0.7872325774261074
0.714000341916393
0.913661026172959
0.5084299319229642
0.8217297214331469
0.6318451509916981
0.9283594753633428
-0.08531308487882373
0.9193492668270982
0.11695115808812102
0.7970685900740344
0.45342116685137007
-0.2459039516696983
0.11991061509242451
0.33317292199953896
0.19789058026767495
0.29041110181563845
0.09568163116779056
0.9755438776759585
0.21526223920818757
0.9516073227001811
0.11713432047134674
0.0016501966812955738
0.5134218979449996
0.4022537893354739
0.9503222203554516
0.29160374171680326
0.7305735249246996
-0.22560422296454974
0.5326411186300075
0.33285888962401206
0.36689052285391266
0.5186711559229249
0.6335864553605248
0.3430398366528683
0.5549941035622545
0.24517141326737935
0.7178116714072068
0.2843191265677359
0.5573102556989092
0.02590215685816589
-0.10345580358256891
0.28372158548736565
0.697305564492111
-0.6231966831610322
0.06124538221703734
0.33748912465753994
0.6208205686143567
0.5516530631119815
0.8778599197035971
0.5114964683584371
0.5708099924053801
-0.06969454894841774
0.614619951613659
0.3942903032764629
0.49438397938825085
0.59483899685925
0.5004058306548537
0.4073684987580358
0.34280107720906644
0.5252829044665207
0.5309329412882722
0.11113551612698733
0.7294983124568323
0.11728427092607109
0.4246710259886315
0.45087478154906946
0.4602993358591441
0.8609955706147668
0.7545753610020355
0.4072793142938412
0.6647022459430451
0.8903208728839197
0.537005876977261
0.5087333587749034
0.4362664407421097
-0.21306068087809676
0.31900068303214446
0.4052086167124108
0.22787604811776288
0.7288090379229474
-0.2970277958046742
0.6423081616189623
0.13900048051723804
0.42827318289700783
0.11236158836392598
0.5461060347743513
0.22918408177735233
0.2557956782103617
0.21778760854653212
0.8246554704242551
0.10836181212295265
0.6885140242561608
0.6632739743088076
0.5384900326619937
0.27548803733881017
0.6173707545302376
0.09837012164214244
0.7262002242960196
0.13336104067452137
0.8819731016209623
0.2876868382293148
0.15391419889263008
0.39817419846166985
0.9296632694956545
0.7591955354945317
0.5212129385376717
0.798752114880675
0.9211369191853033
0.6982348691142287
0.893536032586627
0.6214280067039719
0.9515166345655252
0.032264882324071285
0.9063707263708937
0.4339744665618448
0.8056651060760213
0.6106319015050823
0.17343633490835536
0.38197089130659
0.5521028762354945
0.3544847164970745
0.3372645825729923
0.3442315974552461
0.9374352360513157
0.35316101179879383
0.8769042573614886
0.2045295238715414
0.1945168146076845
0.718062279375672
-0.2564220475857307
0.3731596538161454
0.42027222419026905
0.5399516532158388
0.44985227031137476
0.42611358750042205
0.28202001204338495
0.3385223637560278
0.2091229359670341
0.678652754174342
0.4474049740906116
0.6573314104135972
0.10666682883222758
-0.05550920872251141
0.2887903970483563
0.7747876069120184
-0.6189932399145465
0.0286961908023549
0.3428572041323364
0.613294799187331
0.49916430613025503
0.8445801661887498
0.575611934524525
0.6478481439652585
0.827672031879205
0.781807806939791
0.39733863725573465
0.9268354224295413
0.7296267285850172
0.9594613215467437
0.23236717349187078
0.9173413822621969
0.2538267321849873
0.5867089616697763
0.3296910781233458
-0.022901520303723107
0.28590945210694885
0.5506532073386701
0.1345434142509561
0.37297101656211473
0.2930830609128131
0.893783589628559
0.16688275316251333
0.8434395587720585
0.16352337487414248
0.06336405843948965
0.8195946271370266
0.693312127770412
0.7625352446037924
0.5998759881889894
0.6641996256073779
0.6853333789354679
0.06776172176550574
0.6028558405824787
0.834712925166531
0.6484747181427708
0.8862663307516117
0.36366554949679564
0.3282414381359962
0.30688832585011766
0.6608059346045689
0.029180639524881393
0.4182993305789688
0.663127322146548
0.7915571453232881
0.7799694852530773
0.3641368926444645
0.39785427270707785
0.619230348271944
0.08439538113648994
0.5234873276060765
0.3930756510339319
0.6799072518316391
-0.15261497525156706
0.7880027283337736
-0.4568453434755119
0.4927407620726109
-0.024419382467122264
-0.42123430367254655
0.1421051047078081
0.28913041877123186
-0.1947223338370514
0.5562913198004793
0.07809785350451998
0.7379155508744336
-0.17379495722581378
0.6148752279102943
-0.28887483389829666
0.6234374592011267
0.40134205356136515
0.7486281314252722
0.9153838255281647
0.8557902395738819
0.2971661993806285
0.781716854718901
0.5846315598031512
0.43742961039947387
0.5434368291519294
0.09756481255280983
0.2789666240719071
0.3483377615721189
0.3224719551160365
0.2468094597047647
0.42847640212569194
0.7489283100048046
0.5542882588766852
0.8626001629223404
0.20828840543842694
0.7862557636581725
0.7761776936647052
0.46000899054477234
0.872487735501361
-0.1983963672518529
0.8955002181269254
0.2524544442693073
0.9597781868880446
0.6657713833450518
0.09284143946546777
0.3693884306694415
0.5128347956278665
0.41766485754220684
0.3312817040043292
0.27365688159976564
0.9584910917002167
0.34543347229807586
0.8625486381464316
0.13576083622098253
0.3842855469620211
0.14747281138890758
0.5028095722933298
-0.3672488452162759
0.5334445463104807
0.5553022776377278
0.8830341265825301
0.921416549487925
0.5985487900912422
0.5856532372889234
0.4405325447197178
0.6870745591029853
0.24829539454333374
0.4769420191606294
0.6047156140316988
0.6315003774203606
0.5206705735728538
0.1038181011475657
0.7123994673539168
0.9144168255075341
0.33736680517038886
0.8153622904501022
0.3105568544104186
0.5951866749752432
0.3140827626122697
-0.1932137043121789
0.019612096355306443
0.4795702874424367
0.19765976195509294
0.02765757893329132
0.031017341509069974
0.8721724563504745
0.1192030818712261
0.871302028526539
0.4651813790886372
0.7244754863272368
0.5823193349294657
0.6929363235050027
0.4307308513352188
0.25141094419811827
0.35708183552085965
-0.1308720462988102
0.12027515938838641
0.3997079086267541
0.34561615696484616
-0.0011816567258046175
0.3325269827721672
0.6360352869729947
0.5013349320509538
0.8015645960625867
0.4092326860721496
0.06279009488018016
0.9381183005654312
0.3022793270476772
0.7045961067353519
0.45127799935176305
-0.07404080550742481
0.21653339527706242
0.4089259078723251
0.16681566138440693
0.35902246427368967
0.21930051909531043
0.9619845403604391
0.2398250415605056
0.9409016507512197
0.13462737364856747
0.0400476445437972
0.19987643675349623
-0.36144679608895663
-0.18507084951798944
-0.18595255763257626
-0.15158458459892188
0.3929698196338844
0.21816497930999895
-0.5204758280501343
0.06103099923612541
-0.039157672367131344
0.12283439080950424
0.1177957521564389
0.7051221229223236
0.13692250040509313
0.7622603025322062
0.4848473170354222
0.0022509176762462724
0.4337307133527825
0.6064712275019548
0.29190531044883894
0.4751428945193316
0.418604724160629
0.9632871351518574
0.3160585715000707
0.8897389470540414
0.04472433735430406
0.23590111929608878
0.7156855439624029
0.5393644600767842
0.20222893026731018
0.10091313888768112
0.5702179459986085
-0.20277053217334345
0.3286519125973391
0.20033260853866178
0.7211955351192072
0.3687958373840156
0.43372638722349577
0.7416463604581077
0.21253974445474855
0.4267003742778215
0.48031323123615083
0.5098350460496387
0.30232802611075493
0.2870655977185051
0.8436157277077666
0.39016144981591044
0.7208752310365085
0.09090639860737973
0.6094388278729544
0.5768710656735457
0.3967583832474015
0.8227014634726538
0.13044126215528373
0.5862158970717564
0.5246658934865337
0.8738701760460339
0.5555197666982071
0.1989537022460022
0.8038290888868149
0.3746561946197828
0.5330695855955564
0.33748582253788534
0.7637592899517003
-0.07906463718945048
0.5972934004344221
-0.160580394411005
-0.16470325223098817
0.6866689989074386
0.530744436463812
0.6400972429275442
0.9494483727500611
0.26903008265338285
0.573825771376677
0.1144814189029656
-0.3053449241322137
0.6258181503171658
0.17439717682230577
0.6613584853742349
0.485755044640313
0.3911779917126783
0.35564823974682813
0.31423173843916147
-0.22238647207687556
0.5892328086042825
0.28412683079609763
0.8656722745448368
0.33798177535214236
0.5193520570094454
0.5316523991499083
0.34088331975963143
0.005855627332588896
0.14366427026268247
-0.8227093632951322
0.22863437891924163
0.7143293003613558
0.16880616536465817
-0.19385067303465306
0.2714435143689045
0.9425476375216124
0.1453575308539629
0.40105791613030234
0.25478227536131853
0.3015245960594613
