-1.0000000000 -1.0000000000 1.0000000000 -1.0000000000 -1.0000000000 0.5000000000 -1.0000000000 0.0000000000 -1.0000000000 -1.0000000000 -0.5000000000 -1.0000000000 -1.0000000000 -1.0000000000 -1.0000000000 
0.5789474000 1.0000000000 0.6842105000 0.7894737000 0.0526316000 0.7894737000 -0.3684211000 0.0526316000 0.8947368000 -0.2631579000 -0.2631579000 0.6842105000 -0.4736842000 -1.0000000000 -0.0526316000 
-0.2941176000 0.4117647000 0.7647059000 -0.2941176000 1.0000000000 -0.0588235000 0.7647059000 1.0000000000 -0.1764706000 0.8823529000 -1.0000000000 0.4117647000 0.4117647000 -0.6470588000 -0.1764706000 
0.3333333000 1.0000000000 1.0000000000 0.3333333000 0.0000000000 0.0000000000 0.3333333000 1.0000000000 0.6666667000 0.3333333000 1.0000000000 0.3333333000 -1.0000000000 -1.0000000000 0.0000000000 
-1.0000000000 -0.3684211000 0.0526316000 0.0526316000 0.0526316000 0.3684211000 0.0526316000 1.0000000000 0.0526316000 0.0526316000 0.6842105000 0.0526316000 -1.0000000000 0.0526316000 -0.0526316000 
-0.2500000000 -0.6666667000 -0.2500000000 -0.2500000000 -1.0000000000 -0.0833333000 -0.5833333000 0.4166667000 1.0000000000 0.6666667000 1.0000000000 -0.2500000000 -0.5000000000 -0.8333333000 -0.9166667000 
-0.2941176000 0.2941176000 0.7647059000 -0.5294118000 0.8823529000 0.2941176000 -0.5294118000 0.8823529000 -0.4117647000 -0.7647059000 1.0000000000 -0.7647059000 -0.6470588000 -1.0000000000 -0.5294118000 
0.1200000000 -0.0400000000 0.7600000000 -0.6000000000 -0.2800000000 -0.0400000000 0.2800000000 0.2000000000 0.3600000000 0.7600000000 0.2800000000 1.0000000000 0.1200000000 -1.0000000000 -0.1200000000 
0.0909091000 0.0909091000 0.2727273000 -0.4545455000 -0.2727273000 0.8181818000 -1.0000000000 0.6363636000 -0.4545455000 -0.8181818000 0.8181818000 -0.4545455000 -0.6363636000 1.0000000000 0.0909091000 
1.0000000000 -0.4285714000 -0.4285714000 -0.4285714000 0.7142857000 -0.4285714000 -0.4285714000 0.0000000000 -0.4285714000 -0.4285714000 -0.4285714000 -0.4285714000 -0.4285714000 -1.0000000000 -0.4285714000 
0.9230769000 -0.1538462000 0.6153846000 0.5384615000 -0.1538462000 0.3076923000 -0.7692308000 1.0000000000 -0.4615385000 -1.0000000000 -0.5384615000 -0.1538462000 -0.3846154000 -0.6153846000 0.4615385000 
0.5384615000 -0.2307692000 -0.2307692000 -1.0000000000 -1.0000000000 -0.5384615000 -0.2307692000 -0.6923077000 -0.3846154000 -0.6923077000 0.5384615000 -1.0000000000 -0.2307692000 1.0000000000 0.5384615000 
-0.7000000000 0.5000000000 1.0000000000 -0.2000000000 -0.9000000000 0.8000000000 -1.0000000000 0.8000000000 -0.2000000000 -1.0000000000 1.0000000000 -0.5000000000 -0.2000000000 -0.8000000000 0.5000000000 
0.4285714000 0.4285714000 0.4285714000 0.4285714000 0.4285714000 1.0000000000 0.4285714000 0.0000000000 0.8571429000 0.0000000000 0.4285714000 0.8571429000 0.7142857000 -1.0000000000 1.0000000000 
0.7500000000 0.7500000000 1.0000000000 -0.2500000000 0.0000000000 0.8750000000 0.2500000000 0.8750000000 0.0000000000 -1.0000000000 -0.5000000000 0.3750000000 0.1250000000 0.8750000000 0.3750000000 
-0.0370370000 0.0370370000 -0.4814815000 -0.2592593000 -0.0370370000 -0.1851852000 -0.4814815000 0.7037037000 0.1111111000 0.9259259000 1.0000000000 -0.4074074000 0.8518519000 -1.0000000000 -0.5555556000 
-0.6000000000 -0.2000000000 -0.6000000000 0.2000000000 -0.2000000000 -0.6000000000 -0.6000000000 -0.6000000000 1.0000000000 1.0000000000 -1.0000000000 0.6000000000 0.6000000000 -0.2000000000 0.2000000000 
1.0000000000 0.6800000000 -0.0400000000 0.2000000000 0.2000000000 0.0400000000 0.2000000000 0.6000000000 0.9200000000 -0.3600000000 0.5200000000 0.0400000000 -0.6800000000 -1.0000000000 -0.0400000000 
-0.4285714000 -0.2857143000 0.8571429000 -0.1428571000 -1.0000000000 0.7142857000 0.2857143000 0.7142857000 0.7142857000 -0.4285714000 1.0000000000 -0.4285714000 0.0000000000 -0.2857143000 0.2857143000 
-0.2727273000 1.0000000000 -0.4545455000 -0.0909091000 -0.2727273000 -0.2727273000 -0.0909091000 -0.4545455000 0.0909091000 -0.6363636000 -1.0000000000 -0.2727273000 -0.4545455000 -0.4545455000 -0.2727273000 
-0.1250000000 -0.1250000000 0.5000000000 -0.1250000000 0.3750000000 1.0000000000 -1.0000000000 -0.5000000000 0.2500000000 0.3750000000 0.6250000000 -0.3750000000 -0.1250000000 0.2500000000 -0.1250000000 
-1.0000000000 -1.0000000000 -1.0000000000 -1.0000000000 -1.0000000000 -1.0000000000 -1.0000000000 -1.0000000000 -1.0000000000 -1.0000000000 0.0000000000 -1.0000000000 -1.0000000000 1.0000000000 -1.0000000000 
-0.5555556000 -0.3333333000 0.7777778000 0.1111111000 -0.7777778000 1.0000000000 -0.1111111000 0.1111111000 -0.7777778000 -0.3333333000 -0.7777778000 -0.5555556000 -0.7777778000 -1.0000000000 -0.7777778000 
0.4736842000 0.7894737000 1.0000000000 0.0526316000 -0.3684211000 0.4736842000 -0.0526316000 -0.1578947000 0.1578947000 0.6842105000 0.1578947000 0.0526316000 -0.1578947000 -0.8947368000 -1.0000000000 
-1.0000000000 0.6363636000 -0.0909091000 0.0909091000 -1.0000000000 1.0000000000 -1.0000000000 -1.0000000000 0.4545455000 -1.0000000000 -0.2727273000 -1.0000000000 -1.0000000000 -1.0000000000 -1.0000000000 
-0.5789474000 1.0000000000 0.7894737000 -1.0000000000 0.4736842000 -0.2631579000 -0.8947368000 -0.1578947000 0.6842105000 -0.6842105000 -0.7894737000 -0.8947368000 -0.4736842000 -0.4736842000 -0.7894737000 
0.1818182000 0.6363636000 1.0000000000 0.1818182000 -1.0000000000 0.6363636000 0.1818182000 0.1818182000 -0.7272727000 0.2727273000 0.1818182000 -0.3636364000 0.1818182000 0.1818182000 0.1818182000 
0.7333333000 0.7333333000 0.7333333000 0.0666667000 -0.0666667000 -0.4666667000 0.0666667000 -0.8666667000 1.0000000000 0.4666667000 -1.0000000000 0.0666667000 -0.8666667000 -0.8666667000 -0.2000000000 
-0.1764706000 0.6470588000 0.7647059000 0.7647059000 0.6470588000 1.0000000000 0.5294118000 0.2941176000 0.5294118000 0.2941176000 0.0588235000 0.2941176000 -0.8823529000 -1.0000000000 0.0588235000 
-0.2000000000 -1.0000000000 0.0000000000 1.0000000000 1.0000000000 0.4000000000 1.0000000000 1.0000000000 1.0000000000 0.4000000000 0.4000000000 0.2000000000 -0.6000000000 1.0000000000 1.0000000000 
-0.5714286000 0.0000000000 0.2857143000 0.7142857000 -0.4285714000 -0.1428571000 -0.4285714000 -1.0000000000 1.0000000000 0.4285714000 0.2857143000 0.2857143000 -0.7142857000 0.2857143000 0.5714286000 
1.0000000000 0.0000000000 -1.0000000000 1.0000000000 1.0000000000 1.0000000000 0.0000000000 1.0000000000 0.0000000000 0.0000000000 -1.0000000000 0.0000000000 0.0000000000 0.0000000000 0.0000000000 
-0.8888889000 0.0000000000 -0.1111111000 0.6666667000 -0.5555556000 0.3333333000 -1.0000000000 0.1111111000 1.0000000000 0.3333333000 0.8888889000 -0.7777778000 0.6666667000 0.5555556000 0.3333333000 
0.6363636000 -0.5151515000 0.8181818000 0.8181818000 0.9393939000 0.8181818000 0.6363636000 0.5757576000 0.7575758000 1.0000000000 0.9393939000 -0.4545455000 -0.0909091000 -1.0000000000 0.9393939000 
-0.2727273000 -0.6363636000 1.0000000000 -0.4545455000 -0.0909091000 0.8181818000 -1.0000000000 -1.0000000000 -0.6363636000 -0.2727273000 0.0909091000 -0.2727273000 0.0909091000 -0.8181818000 -0.4545455000 
0.6551724000 0.7241379000 1.0000000000 0.7241379000 0.2413793000 0.2413793000 0.2413793000 -0.1724138000 0.2413793000 0.4482759000 0.3103448000 -0.3103448000 -0.8620690000 0.1034483000 -1.0000000000 
0.2307692000 0.2307692000 1.0000000000 0.6923077000 1.0000000000 0.6923077000 -0.3846154000 -0.5384615000 -0.5384615000 -1.0000000000 -0.2307692000 -0.6923077000 -0.8461538000 -0.8461538000 -0.5384615000 
-0.5200000000 -0.0400000000 1.0000000000 0.7600000000 0.0400000000 0.7600000000 -0.4400000000 -0.1200000000 0.0400000000 -0.6800000000 -0.7600000000 0.7600000000 -1.0000000000 0.2800000000 0.0400000000 
0.3000000000 0.3000000000 -0.2000000000 0.3000000000 1.0000000000 0.6000000000 0.3000000000 -0.2000000000 -0.5000000000 0.6000000000 0.7000000000 0.0000000000 -0.5000000000 -1.0000000000 0.0000000000 
-0.2727273000 0.0909091000 -0.8181818000 -0.4545455000 -0.4545455000 0.6363636000 -0.8181818000 -0.2727273000 1.0000000000 -0.8181818000 -0.6363636000 -1.0000000000 0.4545455000 0.6363636000 1.0000000000 
0.4782609000 -0.4782609000 0.9130435000 -0.4782609000 -0.2173913000 -0.0434783000 -0.1304348000 1.0000000000 -0.3043478000 -0.2173913000 -0.1304348000 -0.4782609000 0.0434783000 -1.0000000000 -0.2173913000 
-0.5000000000 -0.3333333000 -0.3333333000 0.1666667000 0.8333333000 0.1666667000 1.0000000000 -1.0000000000 -1.0000000000 1.0000000000 0.3333333000 1.0000000000 1.0000000000 -0.1666667000 0.3333333000 
-0.2307692000 -0.5384615000 1.0000000000 0.0769231000 -0.5384615000 0.5384615000 -1.0000000000 0.3846154000 0.3846154000 0.0769231000 0.0769231000 0.5384615000 -1.0000000000 -0.8461538000 -0.2307692000 
0.3548387000 0.4193548000 0.6129032000 -0.1612903000 0.2258065000 -0.2258065000 0.4838710000 0.3548387000 0.8064516000 1.0000000000 -0.6129032000 0.2258065000 -0.1612903000 -1.0000000000 -0.2903226000 
0.6470588000 -0.4117647000 0.4117647000 0.2941176000 0.5294118000 0.8823529000 0.0588235000 -0.7647059000 -0.5294118000 0.4117647000 1.0000000000 0.0588235000 -0.5294118000 -1.0000000000 -0.5294118000 
0.1111111000 -0.5555556000 -0.7777778000 0.7777778000 -0.3333333000 1.0000000000 -0.3333333000 0.7777778000 -0.3333333000 0.1111111000 -1.0000000000 1.0000000000 0.7777778000 -1.0000000000 0.3333333000 
0.5714286000 0.4285714000 0.7142857000 0.7142857000 0.9285714000 -0.2857143000 -0.4285714000 0.7857143000 0.5714286000 1.0000000000 -0.7142857000 -0.5000000000 0.5714286000 -0.3571429000 -1.0000000000 
-0.1250000000 0.6250000000 0.6250000000 0.3750000000 -0.1250000000 -1.0000000000 1.0000000000 0.3750000000 0.0000000000 -0.1250000000 -0.8750000000 -0.8750000000 0.5000000000 -0.1250000000 0.2500000000 
0.7142857000 1.0000000000 0.2857143000 0.2857143000 0.1428571000 -0.8571429000 -0.5714286000 -1.0000000000 0.7142857000 0.7142857000 0.7142857000 0.7142857000 0.7142857000 0.7142857000 0.7142857000 
-0.8461538000 1.0000000000 0.5384615000 0.5384615000 1.0000000000 -0.0769231000 0.3846154000 1.0000000000 0.6923077000 -0.5384615000 1.0000000000 -1.0000000000 0.5384615000 0.0769231000 0.3846154000 
-1.0000000000 -0.3846154000 0.4615385000 0.4615385000 -0.3076923000 0.0769231000 -1.0000000000 0.2307692000 0.0769231000 0.6153846000 0.1538462000 0.1538462000 1.0000000000 0.5384615000 0.7692308000 
-0.3333333000 -0.2380952000 0.2380952000 0.2380952000 0.5238095000 0.7142857000 0.2380952000 0.1428571000 0.2380952000 0.8095238000 -0.0476190000 0.2380952000 0.4285714000 -1.0000000000 1.0000000000 
0.2000000000 0.7600000000 -0.9200000000 0.5200000000 0.2000000000 -0.3600000000 -0.2800000000 0.5200000000 -0.1200000000 1.0000000000 0.2000000000 -0.2800000000 -1.0000000000 -0.8400000000 0.2000000000 
-0.8666667000 0.4666667000 0.3333333000 0.8666667000 0.3333333000 -0.7333333000 -0.2000000000 -1.0000000000 1.0000000000 -0.7333333000 1.0000000000 -0.8666667000 -0.2000000000 -0.7333333000 -0.4666667000 
1.0000000000 0.4285714000 -0.2857143000 -0.5714286000 -0.7142857000 0.8571429000 -1.0000000000 0.8571429000 0.5714286000 -0.5714286000 -0.4285714000 0.0000000000 0.5714286000 -0.8571429000 1.0000000000 
-0.0666667000 0.3333333000 0.2000000000 -0.0666667000 0.4666667000 1.0000000000 -0.4666667000 0.3333333000 -0.0666667000 -1.0000000000 -0.3333333000 -1.0000000000 -0.8666667000 -0.6000000000 -0.2000000000 
-0.2727273000 -0.2727273000 -1.0000000000 0.4545455000 -0.8181818000 0.0909091000 0.0909091000 -1.0000000000 1.0000000000 -0.0909091000 0.2727273000 -0.4545455000 -0.2727273000 0.4545455000 -0.6363636000 
1.0000000000 0.6363636000 0.8181818000 0.4545455000 -0.2727273000 1.0000000000 -0.2727273000 -1.0000000000 0.8181818000 -0.4545455000 -1.0000000000 1.0000000000 0.2727273000 0.0909091000 -0.0909091000 
-0.5555556000 0.4444444000 1.0000000000 0.3333333000 0.7777778000 -0.1111111000 -0.2222222000 -0.2222222000 -0.2222222000 -0.6666667000 0.4444444000 -1.0000000000 0.0000000000 -0.2222222000 -0.2222222000 
-0.6842105000 0.0526316000 -1.0000000000 0.0526316000 0.0526316000 0.7894737000 0.4736842000 -0.6842105000 -0.4736842000 0.0526316000 0.8947368000 0.0526316000 0.3684211000 -0.5789474000 1.0000000000 
0.5000000000 0.8333333000 0.8333333000 0.3333333000 0.6666667000 0.3333333000 1.0000000000 0.3333333000 0.8333333000 0.8333333000 0.8333333000 0.8333333000 0.8333333000 -1.0000000000 -0.5000000000 
1.0000000000 1.0000000000 -1.0000000000 1.0000000000 1.0000000000 1.0000000000 1.0000000000 1.0000000000 1.0000000000 1.0000000000 1.0000000000 1.0000000000 1.0000000000 1.0000000000 1.0000000000 
-0.2142857000 1.0000000000 -0.4285714000 0.0000000000 -0.4285714000 0.2857143000 -0.7857143000 0.2857143000 0.2857143000 0.2857143000 0.5714286000 -1.0000000000 -0.5000000000 -0.5714286000 0.2857143000 
-0.5555556000 -0.5555556000 -0.3333333000 -0.9259259000 -1.0000000000 0.4074074000 0.4074074000 1.0000000000 0.4074074000 0.4074074000 0.7037037000 0.0370370000 -0.1111111000 -0.5555556000 0.8518519000 
1.0000000000 -1.0000000000 -1.0000000000 -1.0000000000 -1.0000000000 -1.0000000000 -1.0000000000 -1.0000000000 -1.0000000000 -1.0000000000 -1.0000000000 -1.0000000000 -1.0000000000 -1.0000000000 -1.0000000000 
-1.0000000000 0.3333333000 -0.3333333000 0.6666667000 -0.3333333000 0.5000000000 -0.3333333000 0.8333333000 0.8333333000 -0.1666667000 -1.0000000000 -0.3333333000 -0.3333333000 1.0000000000 -0.3333333000 
0.6000000000 1.0000000000 0.2000000000 -1.0000000000 0.2000000000 0.2000000000 -0.6000000000 0.2000000000 0.2000000000 0.2000000000 -1.0000000000 -0.2000000000 0.2000000000 0.2000000000 0.2000000000 
0.5384615000 0.5384615000 0.5384615000 0.5384615000 0.5384615000 0.5384615000 0.5384615000 0.5384615000 1.0000000000 0.5384615000 0.6153846000 0.2307692000 0.5384615000 -1.0000000000 0.7692308000 
