0.584233065320602
0.7134648187026669
0.4486870736577556
0.560910945584946
0.3702998899062879
0.6791741623541337
0.6433525014902578
0.5645136790194706
0.9816891515874907
0.537816899870133
0.8864446446726315
0.591321970519962
0.8926462009761028
0.4488639451826123
0.9523821118175309
0.9212897452253362
0.8975618840108459
0.4575234071164417
0.3688597743739368
0.4811616998434627
0.5631577581618568
0.9472557239219993
0.7374199238025644
0.8876712401813441
0.423609240390048
0.8107462893630843
0.4887843584363274
0.70132553308172
0.6049211407604002
0.7565042911681141
0.5776955340634929
0.38147661496493596
0.197290920593559
0.7626382680850207
0.56462291898042
0.6070095666119172
0.5843815247118651
0.906999785125142
0.47820977912203994
0.7717435436654616
0.6116996671398716
0.30168649009225845
0.4118380416970192
0.7177891264417958
0.774091110274961
0.3631341103330973
0.6458627893091196
0.7284970197379331
0.48807270410171594
0.8163819053864756
0.15445253798640948
0.5836067889186548
0.9248625529279089
0.6262519944738292
0.8575154047708808
0.6436997753866043
0.8480262548882823
0.29218900338235165
0.8862475759010272
0.6699835413453694
0.4112960334265657
0.5368466381245303
0.8377653526303962
0.8237353626719224
0.572926411878171
0.7579078635339386
0.5944407764776253
0.6287899570981637
0.5588847608959303
0.6420793132518203
0.18492518343516262
0.7604703624292777
0.8172325264141658
0.4810623219172265
0.8603583181112202
0.14323814003981675
0.9347974236506376
0.8391268546778005
0.7021052679717172
0.45170018945188345
0.6524073426924413
0.5894219525787582
0.7410463515545574
0.49017428153600356
0.07073421062981189
0.20995570319430762
0.5029885668218073
0.44631212490269095
0.9214462587082733
0.4207174182952567
0.1581669883076596
0.33974856995326896
0.697820861812424
0.6827585363500219
0.353855310301619
0.5143986680957261
0.5477992306105729
-0.07896690350099725
0.6489117131327994
0.43246810933717394
0.6765417308267807
0.6232642230049896
0.32892697155836015
0.7165737628009653
0.13271925307520127
0.9843045119401214
0.4692955384797419
0.39545544703382995
0.34290007365870384
0.811687019542322
0.6794779509020002
0.6065726370230593
0.49150403183432717
0.36641582652331406
0.2820004141550155
0.8577993830755757
0.5063164327740901
0.5402314600759742
0.6112434823723263
0.6828917704493535
0.473914779837644
0.7306462018521807
0.4762972189948505
0.8347085268538971
0.8880944693060425
0.5144188359182569
0.19686569037033563
0.456855316125695
0.4420006690854416
0.4531337823395609
0.49209585379775334
0.6910742103206666
0.2594515104663666
0.577698078785986
0.6134610772352914
0.18097439244053867
0.5231026607955226
-0.0037058727696980182
0.9166032510228683
-0.43811689277590166
0.4386385722673498
0.4379147305391554
0.02802182113975292
0.6798552356734634
-0.4674174633725824
0.5099252795572928
0.6173165730078863
0.39491965075632
0.7852906195725288
0.6455289114297716
0.3564897502035259
0.4904289413680226
0.5921245898678116
0.7402582691738538
0.4431626526305336
0.691995406801303
0.5740920563468925
0.5815746675685148
0.3808911894704142
0.4798053314703168
0.20597938597610932
0.40339974595989386
0.6417238149939578
0.31714772756256404
0.7622974309435796
0.3347873417966248
0.9558630224162405
0.5536225044762161
0.13969362477160574
0.7472307799637389
-0.13503316628720877
0.4182072526794773
0.006503922014262074
0.5514449690916519
0.5745876583176264
0.5855024214610839
0.5699453328667949
0.7354027126220342
0.2663089334276929
0.2508840428515999
0.28368951147359206
0.45152874590902004
0.6170486198153853
0.03703113041701874
0.4864683038262728
0.3779155018245915
0.43107662717128553
0.02152138610655777
0.48770422250211487
0.4587299945717848
0.3873494899593686
0.8530462128250725
0.6464462059547612
0.6436362567349286
0.5359519205938432
0.3431875672286166
0.3131866452647784
0.7824302138887358
0.6109351166802686
0.44019328746479836
0.5658517392025387
0.6663615466455434
0.4194659476633695
0.7805232086271705
0.40274371486077576
0.8707946322730331
0.9060911703712237
0.4732940256408786
0.8796780120488654
0.5357924264890702
0.8423530474377244
0.5190215672765455
0.9616995853570438
0.8882417608622485
0.9441893354014074
0.38716647073405724
0.4346868784873664
0.38694260009419745
0.5727530846329764
0.9316447089124373
0.6200034288671172
0.8798406855411702
0.34701570102124135
0.7630301780836616
0.4355114064790001
0.799143052863581
0.7435543009100344
0.2627460379436088
0.1692638227804522
0.6002259452620324
0.3621474027405584
0.3391680625111453
0.17431468527986502
0.4587167652235857
0.21740653265753876
-0.015301890464586887
0.4327056919619098
0.6886183582379685
0.6677133759843266
0.07085677104074524
0.44163333843267893
0.5516410491550507
0.6281171417043085
0.6253750189639271
0.3153897834151371
0.9223849143226153
0.780199459062244
0.8161960786139426
0.19064347625357178
0.44175222978112416
0.27374545965514385
0.30844088929773383
0.7776060228928708
0.7524325776192153
0.8396615172971659
0.1624782056487895
0.6084364376638165
0.4348670107344342
0.5339438933030581
0.5871252986981231
0.6682599090850111
0.3608216723258005
0.4213930467158614
0.562601650396813
0.7714434799413791
0.20608071165551772
0.5552474305212133
0.6880209638997073
0.5626328301069565
0.8552311538640268
0.04489838644360881
0.7287705898745712
0.9594188880189308
0.3609690970346481
0.8174564108002329
0.904542173254381
0.8003249052345038
0.5383157875219584
0.23090623037674735
0.45295977497800866
0.7365948283559709
0.9204719108339736
0.6758691239720804
0.7634199343150195
0.42051130103266254
0.8652579814944598
0.5110367404717564
0.4720812296027464
0.12464005341082997
0.39430029873965755
0.659694748616759
0.8196816413209418
0.2586146841010579
0.6031143759865744
0.5913600697931655
-0.03558794206338547
0.6870326399546293
0.2289753416351735
0.5359750693297517
0.6897067437978437
0.8611124405349406
0.9430142022318075
0.2879086863336858
0.5456820616724708
0.2112099324373209
0.575924628883916
0.9110649262807184
0.6506596447051766
0.9251642963896257
0.14979162859395473
0.796817803810564
0.5349055880854894
0.8873941411973556
0.24577792099510792
0.06476411207473767
0.3751391901589014
0.515780925355647
0.846475563389041
0.7627682259450155
0.6782500440476585
0.33344446030045966
0.6872256862096743
0.24005799929770982
0.1397806641871241
0.403728301915766
0.10279043636165375
0.6044285836143206
0.8586300971655999
0.5115650743291044
0.7768451325310304
0.0776050266995744
0.6690120221148809
0.3041563629456754
0.31082492275557494
0.7879430644357016
0.573558372117246
0.6055757647586677
0.3826634675653587
0.5340028548662284
0.6843953787658348
0.5609887991317641
0.7093935289604
-0.1653451100585615
0.4811199633574278
0.48078451617400214
0.004772427263244736
0.7312757777598314
-0.22353137484756117
0.523079863861038
0.7671932431264197
0.1524853106579903
0.4549474298524225
0.5409677002818521
0.3222196668753883
0.9377859704434979
0.357296376442955
0.26195212490796305
0.78850067717286
0.32374353937361516
0.6075910106790481
0.02092425728932064
0.5855143058325045
0.6522971595671152
0.6847252652740584
0.901634328400779
0.34693201607852
0.8193409407582803
0.6539108124861354
0.5876920672767153
0.34501700281761927
0.5079108204692562
0.4292862754162216
0.24873646770624447
0.877488435716392
0.7805072476722887
0.39401494397518866
0.10722622625502337
0.7013358789474855
