-0.35714285714285715
0.30952380952380953
0.0
0.6190476190476191
0.0
0.8095238095238095
0.0
-0.023809523809523808
-0.14285714285714285
-0.4523809523809524
-0.023809523809523808
-0.23809523809523808
-0.07142857142857142
0.5476190476190477
0.23809523809523808
-0.047619047619047616
0.42857142857142855
0.16666666666666666
0.23809523809523808
-0.23809523809523808
0.3333333333333333
0.5
-0.42857142857142855
0.14285714285714285
0.19047619047619047
0.2619047619047619
0.14285714285714285
-0.2857142857142857
0.2857142857142857
-0.4523809523809524
0.14285714285714285
0.5
0.0
0.023809523809523808
0.11904761904761904
0.047619047619047616
0.5
-0.09523809523809523
0.5
-0.07142857142857142
0.40476190476190477
0.5238095238095238
0.38095238095238093
0.5714285714285714
0.3333333333333333
0.11904761904761904
0.3333333333333333
0.23809523809523808
0.38095238095238093
0.19047619047619047
0.6190476190476191
0.6666666666666666
0.11904761904761904
0.5238095238095238
0.38095238095238093
0.2857142857142857
0.14285714285714285
0.0
0.2619047619047619
0.16666666666666666
0.19047619047619047
0.21428571428571427
0.21428571428571427
0.6666666666666666
0.6904761904761905
0.9047619047619048
0.5238095238095238
0.23809523809523808
0.5
0.047619047619047616
0.6666666666666666
0.7619047619047619
0.38095238095238093
0.47619047619047616
-0.2857142857142857
0.30952380952380953
0.047619047619047616
0.0
0.2857142857142857
-0.38095238095238093
0.7619047619047619
0.23809523809523808
0.0
0.38095238095238093
0.0
0.3333333333333333
0.42857142857142855
0.35714285714285715
0.19047619047619047
0.2619047619047619
0.0
-0.047619047619047616
0.2619047619047619
0.40476190476190477
0.5476190476190477
0.47619047619047616
0.5714285714285714
0.14285714285714285
0.14285714285714285
0.23809523809523808
-0.047619047619047616
0.42857142857142855
0.09523809523809523
0.6190476190476191
0.23809523809523808
0.14285714285714285
0.40476190476190477
0.47619047619047616
0.6428571428571429
-0.09523809523809523
0.38095238095238093
0.2857142857142857
0.023809523809523808
0.5952380952380952
0.47619047619047616
-0.047619047619047616
0.5714285714285714
0.14285714285714285
0.4523809523809524
0.3333333333333333
-0.09523809523809523
0.5714285714285714
0.11904761904761904
0.0
0.19047619047619047
0.5238095238095238
0.5
0.5714285714285714
0.8333333333333334
0.47619047619047616
0.23809523809523808
0.19047619047619047
0.6190476190476191
0.6190476190476191
0.8571428571428571
-0.09523809523809523
-0.35714285714285715
0.09523809523809523
-0.5
0.40476190476190477
-0.5
-0.23809523809523808
0.47619047619047616
-0.047619047619047616
0.14285714285714285
0.023809523809523808
-0.11904761904761904
0.09523809523809523
-0.2857142857142857
-0.047619047619047616
0.42857142857142855
-0.19047619047619047
0.14285714285714285
0.047619047619047616
0.5714285714285714
0.38095238095238093
0.8095238095238095
-0.14285714285714285
0.47619047619047616
0.3333333333333333
0.47619047619047616
0.5714285714285714
0.42857142857142855
0.19047619047619047
0.3333333333333333
0.6190476190476191
0.30952380952380953
0.5
0.42857142857142855
0.2857142857142857
0.7619047619047619
0.4523809523809524
0.047619047619047616
0.42857142857142855
-0.3333333333333333
0.19047619047619047
0.7142857142857143
0.40476190476190477
0.6904761904761905
-0.21428571428571427
0.35714285714285715
0.5476190476190477
0.3333333333333333
0.14285714285714285
0.8095238095238095
0.2857142857142857
0.047619047619047616
0.19047619047619047
0.14285714285714285
0.23809523809523808
0.09523809523809523
0.07142857142857142
0.30952380952380953
0.09523809523809523
0.047619047619047616
0.5714285714285714
-0.23809523809523808
0.19047619047619047
0.38095238095238093
0.07142857142857142
-0.09523809523809523
0.38095238095238093
0.30952380952380953
0.19047619047619047
0.16666666666666666
-0.23809523809523808
0.6428571428571429
0.21428571428571427
0.19047619047619047
0.2619047619047619
0.30952380952380953
-0.14285714285714285
0.07142857142857142
0.23809523809523808
0.14285714285714285
0.23809523809523808
-0.07142857142857142
0.3333333333333333
0.47619047619047616
0.09523809523809523
-0.38095238095238093
0.0
0.16666666666666666
-0.16666666666666666
0.16666666666666666
-0.11904761904761904
-0.023809523809523808
0.09523809523809523
0.09523809523809523
-0.42857142857142855
-0.047619047619047616
0.14285714285714285
0.23809523809523808
-0.14285714285714285
0.23809523809523808
0.047619047619047616
0.16666666666666666
0.14285714285714285
0.2857142857142857
0.47619047619047616
0.42857142857142855
0.07142857142857142
0.23809523809523808
-0.3333333333333333
0.2619047619047619
0.3333333333333333
0.30952380952380953
0.47619047619047616
0.6666666666666666
-0.21428571428571427
0.19047619047619047
0.6904761904761905
0.2857142857142857
-0.09523809523809523
0.6190476190476191
0.11904761904761904
0.047619047619047616
0.0
-0.09523809523809523
0.5714285714285714
-0.023809523809523808
0.09523809523809523
0.3333333333333333
0.2857142857142857
-0.42857142857142855
0.5714285714285714
0.30952380952380953
-0.09523809523809523
0.38095238095238093
-0.09523809523809523
0.047619047619047616
0.40476190476190477
0.4523809523809524
0.38095238095238093
0.19047619047619047
0.8095238095238095
0.5238095238095238
-0.047619047619047616
0.38095238095238093
0.23809523809523808
0.047619047619047616
-0.11904761904761904
0.42857142857142855
0.38095238095238093
-0.19047619047619047
0.30952380952380953
0.42857142857142855
0.5238095238095238
0.38095238095238093
0.6904761904761905
0.6904761904761905
0.47619047619047616
0.47619047619047616
0.23809523809523808
0.0
0.38095238095238093
0.6666666666666666
0.7619047619047619
0.19047619047619047
0.5238095238095238
0.11904761904761904
0.14285714285714285
0.3333333333333333
0.47619047619047616
0.5238095238095238
0.30952380952380953
0.42857142857142855
0.2857142857142857
0.7857142857142857
0.8095238095238095
-0.07142857142857142
0.38095238095238093
0.16666666666666666
0.5238095238095238
0.6904761904761905
0.2857142857142857
0.09523809523809523
0.16666666666666666
0.23809523809523808
-0.2857142857142857
0.42857142857142855
0.42857142857142855
0.2619047619047619
0.35714285714285715
0.6666666666666666
