0.14285714285714285
-0.023809523809523808
-0.11904761904761904
0.11904761904761904
0.07142857142857142
-0.047619047619047616
-0.16666666666666666
0.047619047619047616
0.0
-0.30952380952380953
0.23809523809523808
0.09523809523809523
-0.07142857142857142
0.19047619047619047
0.2619047619047619
0.14285714285714285
0.23809523809523808
-0.19047619047619047
-0.2619047619047619
-0.16666666666666666
0.09523809523809523
0.19047619047619047
0.3333333333333333
-0.21428571428571427
0.21428571428571427
0.11904761904761904
0.2857142857142857
0.3333333333333333
0.23809523809523808
0.5238095238095238
0.38095238095238093
0.47619047619047616
0.4523809523809524
0.07142857142857142
0.38095238095238093
0.23809523809523808
0.42857142857142855
0.16666666666666666
0.42857142857142855
0.23809523809523808
0.5476190476190477
0.5714285714285714
0.19047619047619047
0.07142857142857142
0.2857142857142857
0.7857142857142857
-0.5476190476190477
0.09523809523809523
0.16666666666666666
0.047619047619047616
0.19047619047619047
0.2857142857142857
0.38095238095238093
0.5952380952380952
0.5238095238095238
0.6666666666666666
0.5714285714285714
0.7619047619047619
0.5238095238095238
0.21428571428571427
0.23809523809523808
-0.11904761904761904
0.19047619047619047
0.19047619047619047
0.47619047619047616
0.8333333333333334
0.6190476190476191
0.30952380952380953
0.2857142857142857
0.6190476190476191
-0.2857142857142857
0.21428571428571427
0.42857142857142855
0.30952380952380953
0.7142857142857143
0.4523809523809524
0.2857142857142857
-0.2857142857142857
0.07142857142857142
0.19047619047619047
-0.023809523809523808
0.11904761904761904
0.09523809523809523
0.023809523809523808
-0.2857142857142857
0.23809523809523808
0.23809523809523808
0.19047619047619047
0.2619047619047619
0.23809523809523808
0.38095238095238093
-0.16666666666666666
0.19047619047619047
0.047619047619047616
0.23809523809523808
0.7857142857142857
0.2619047619047619
0.5
0.23809523809523808
0.23809523809523808
0.5238095238095238
0.6666666666666666
-0.14285714285714285
0.40476190476190477
0.0
0.23809523809523808
-0.09523809523809523
0.47619047619047616
0.35714285714285715
0.5476190476190477
0.21428571428571427
0.2857142857142857
0.47619047619047616
0.5
0.4523809523809524
-0.2857142857142857
0.5714285714285714
0.35714285714285715
0.5
0.5
0.47619047619047616
0.42857142857142855
0.5238095238095238
0.47619047619047616
0.2857142857142857
-0.2857142857142857
0.7619047619047619
0.07142857142857142
0.19047619047619047
0.6666666666666666
0.42857142857142855
0.6904761904761905
0.8333333333333334
0.11904761904761904
0.19047619047619047
0.6190476190476191
-0.38095238095238093
0.2857142857142857
0.23809523809523808
0.6190476190476191
0.47619047619047616
0.8571428571428571
0.5714285714285714
0.47619047619047616
0.5952380952380952
-0.047619047619047616
0.2619047619047619
0.0
0.30952380952380953
0.19047619047619047
0.42857142857142855
0.5238095238095238
0.42857142857142855
0.0
0.5238095238095238
0.8095238095238095
-0.3333333333333333
0.047619047619047616
-0.19047619047619047
0.14285714285714285
0.0
0.7619047619047619
0.38095238095238093
0.7857142857142857
0.19047619047619047
0.2857142857142857
0.047619047619047616
0.42857142857142855
0.16666666666666666
0.6904761904761905
0.5
0.47619047619047616
0.38095238095238093
0.5
0.8333333333333334
-0.38095238095238093
0.2857142857142857
0.21428571428571427
0.21428571428571427
0.30952380952380953
0.19047619047619047
0.3333333333333333
0.21428571428571427
0.5238095238095238
-0.09523809523809523
0.40476190476190477
0.38095238095238093
0.8571428571428571
0.42857142857142855
0.5952380952380952
0.40476190476190477
0.4523809523809524
0.6428571428571429
-0.42857142857142855
0.5714285714285714
0.47619047619047616
0.47619047619047616
0.5476190476190477
0.23809523809523808
0.23809523809523808
0.023809523809523808
-0.07142857142857142
0.23809523809523808
0.2619047619047619
0.11904761904761904
0.7142857142857143
0.5238095238095238
0.14285714285714285
0.09523809523809523
0.38095238095238093
0.0
0.047619047619047616
0.11904761904761904
0.23809523809523808
0.47619047619047616
0.047619047619047616
0.23809523809523808
0.42857142857142855
0.2857142857142857
0.023809523809523808
0.38095238095238093
0.30952380952380953
0.3333333333333333
0.47619047619047616
0.35714285714285715
0.6190476190476191
-0.3333333333333333
0.09523809523809523
0.023809523809523808
0.07142857142857142
0.21428571428571427
-0.2857142857142857
0.047619047619047616
0.40476190476190477
-0.19047619047619047
0.3333333333333333
0.14285714285714285
-0.16666666666666666
0.38095238095238093
-0.16666666666666666
0.09523809523809523
0.16666666666666666
0.21428571428571427
0.3333333333333333
-0.21428571428571427
0.35714285714285715
0.47619047619047616
0.07142857142857142
0.5952380952380952
0.5714285714285714
0.23809523809523808
0.6666666666666666
0.23809523809523808
0.19047619047619047
0.3333333333333333
-0.5238095238095238
0.47619047619047616
0.09523809523809523
0.6190476190476191
0.38095238095238093
0.19047619047619047
0.19047619047619047
0.11904761904761904
-0.21428571428571427
0.14285714285714285
0.4523809523809524
0.09523809523809523
-0.047619047619047616
-0.2857142857142857
0.19047619047619047
-0.35714285714285715
0.14285714285714285
0.09523809523809523
0.6190476190476191
0.42857142857142855
0.23809523809523808
0.21428571428571427
0.5714285714285714
0.40476190476190477
0.47619047619047616
-0.11904761904761904
0.5714285714285714
0.09523809523809523
0.47619047619047616
0.40476190476190477
0.38095238095238093
0.2619047619047619
0.6190476190476191
0.38095238095238093
0.21428571428571427
0.2857142857142857
-0.14285714285714285
0.7142857142857143
0.11904761904761904
0.9285714285714286
0.5
0.38095238095238093
0.38095238095238093
0.42857142857142855
0.38095238095238093
0.5952380952380952
-0.5238095238095238
0.7142857142857143
0.4523809523809524
0.47619047619047616
0.5714285714285714
0.42857142857142855
-0.07142857142857142
0.30952380952380953
0.7619047619047619
-0.38095238095238093
0.047619047619047616
0.21428571428571427
0.21428571428571427
0.5
0.47619047619047616
0.11904761904761904
0.38095238095238093
-0.16666666666666666
0.38095238095238093
0.38095238095238093
0.6666666666666666
0.5952380952380952
0.09523809523809523
0.07142857142857142
-0.023809523809523808
0.6190476190476191
0.47619047619047616
0.47619047619047616
0.6666666666666666
0.5238095238095238
-0.7857142857142857
0.14285714285714285
-0.21428571428571427
0.21428571428571427
0.14285714285714285
-0.5
0.14285714285714285
0.09523809523809523
0.19047619047619047
0.23809523809523808
-0.09523809523809523
0.047619047619047616
-0.14285714285714285
-0.21428571428571427
0.38095238095238093
0.8333333333333334
0.6666666666666666
0.2619047619047619
0.6428571428571429
0.6428571428571429
