-0.35278703607884554
0.11037914430346553
-0.6844072094378277
0.6440615424580166
-0.5271081474449849
-0.16040707915059538
-0.19899493590676817
0.5118988620340327
-0.7786725409222087
0.7335992069641256
-0.3458853547236422
0.1714972403506289
-0.3857544005812649
0.3149027585515953
-0.5827350832113903
0.757504664215808
-0.5775773269158725
0.040832860947400705
0.01288917245195542
0.7233583908845399
-0.029254527994558927
0.6033940033827477
-0.32503651671931394
0.7891260945739584
-0.3122289936728354
0.6109265920368204
-0.21336861854407707
0.3924174670879651
-0.2835901361511353
0.07219752033400538
-0.4106471622145772
0.5039174695122122
-0.30730456252710653
0.5806087056554542
0.18125624237483653
-0.1625239689146195
-0.5430871882588423
-0.1973310204355033
-0.008353619535426057
0.3079408427962587
0.1380726476234238
0.4302379127937817
-0.67163304630019
0.697652599296961
-0.3843923852072258
0.47422000895922073
0.07920020223781665
0.15181094908630188
-0.48152108892193424
-0.2683410261294166
-0.01756039103417308
0.1209602581221417
-0.14278960345377328
0.545496022762085
-0.7312859360539522
-0.3840082074759335
0.4701179592543153
-0.8431222899247662
0.15528270257270702
-0.5938356592534955
0.061711642830887245
-0.7957021617777043
0.3604456287735088
-0.6227223865715804
0.9435793749929718
-0.8879280972559342
0.8955109607540429
-0.8866119579006425
0.8611814948353533
-0.805618151613253
0.8982367106102889
-0.45741816898857335
0.5357594964057778
-0.3958708149596105
0.6245877643289577
-0.4813963256229181
0.32869208143486606
-0.6002075982109225
0.9204573643153734
-0.548037814297644
0.7141553849695893
-0.7434109835163778
0.7779408904927595
-0.25643171084440003
0.6323143795216346
-0.9068604853956047
0.9207817529016709
-0.5338809315510273
0.06077458624721972
-0.050827637387626995
0.9169844613839053
-0.7955065346048754
0.5971447065750959
-0.8921127555735144
0.29005086705235006
-0.8459137597858626
0.6662000696082101
-0.6035532931628735
0.7777945633921513
-0.8994203299354782
0.6594802783227949
-0.7247011562731563
0.7493976196781218
-0.26520378773473025
0.29771692117605786
-0.7598324124672909
0.13879391518901835
-0.4833174311089108
0.8801912954392391
0.07427218514619577
0.34513094824683377
0.5487723860532512
0.7593176379858875
0.6564341022104458
0.516386681323469
0.13300195610011997
0.4385529519120033
-0.23184171102390572
0.3765641930472968
-0.28691532457602487
0.6006620961173113
-0.0038005135268838106
0.32875945785295724
-0.45148842328477495
0.9456032039694122
0.19236569436230164
0.2507494434748918
0.19171297768767998
0.6541047879128133
0.4824604068742457
0.5765998514300418
-0.20455068192222528
0.5431173183019347
-0.14124697020372315
0.5733530049509558
0.03208011227369351
0.550089033977257
0.3086928105245526
0.440950914094128
-0.3473576468128622
-0.09864308501372138
0.4015432276167507
0.6972983177955753
-0.09571206277510741
0.6130442802334716
0.3645629712926648
0.40212036222765885
0.6540357813105498
0.4494893868109211
-0.28270516721297134
0.014568288563219208
0.15929235573746417
0.20839310328251742
-0.67786751961936
0.06873039528416755
0.19795602656135566
0.7959341078483619
0.643288252131486
0.3582383674272582
0.6662472724851352
0.731372449834801
-0.3361714034401783
-0.6708172815192754
0.766206035108295
-0.06617392179254793
0.5854560303039154
-0.5744333362654946
0.6360924145864271
-0.7607730056379857
0.4091709861547095
-0.2569362073708124
0.6808672746225193
-0.3972312741019293
0.7356805370011693
-0.751761533395406
0.6609564493515793
0.03902655899931642
0.596111908260221
-0.8054420100818453
0.6158945004816208
-0.49697746880404375
0.6835617418500473
-0.5375089349023083
0.5991399316793126
-0.505731713125866
0.5510078040389002
-0.3186488462956774
0.5529459350559311
-0.29358069905098616
0.7914224908864614
-0.7167624177183264
0.550290186415979
-0.45230418651593096
0.0022260603649423773
0.18929311734603602
0.7257229140575004
-0.020489378779893534
0.5123087405648777
-0.456818571823962
0.24398361178139338
-0.32317979252338164
0.8226690982755033
-0.8608759886129254
0.6019807439387984
-0.7036547586006408
-0.11952898638818829
-0.01095477573442073
0.7168943844661922
0.4376736180418416
0.5458815212018845
-0.357294286690298
0.5783410729127799
-0.0229859751717583
0.5733930963081512
-0.20304374388462793
0.5228539557817005
0.03869033162697187
0.6987683890054656
-0.37151972411742157
0.874849454795185
-0.70711067062925
0.8336388758473765
-0.7158283186065806
0.649614667963311
-0.8790179989714708
0.9836252799394389
-0.9683792017046432
0.398310135662056
-0.27332592611257034
0.7103295122559522
-0.5344133821058206
0.7522848664658263
-0.18897954363961877
0.8417250334053038
-0.6958100815837228
0.6278351201219985
-0.5150860281770322
0.863925744114575
-0.5513796576087722
0.2933762491543015
-0.5494256288911838
0.9094732986044788
-0.7955324745549349
0.40642870077244386
-0.15867294726411146
0.13452569254029761
-0.891581275533489
0.5167168907792571
-0.37802937227922045
0.8218791046117391
-0.02459780855586575
0.9008577516625073
-0.6360451745397899
0.8384109907706899
-0.6114223444737271
0.9494746858190651
-0.5856857030029476
0.548724159155065
-0.7521468878028313
0.22078511836848877
-0.13286335285595105
0.5488320432136612
-0.03670521970254049
0.5021006646044783
-0.8952922478386306
0.4924022952307342
0.9300287402858728
-0.2317778216635785
0.8051851325596321
-0.23538007587500534
0.29189771768344946
0.16635154628840249
0.43730619370578633
-0.0953476910527689
0.528224558630863
-0.3205797424006462
0.17325224830286198
0.5645418584521066
0.6194541902407882
-0.3557680574295973
0.41706414806266673
0.10303941703895508
0.9315566910583977
-0.045332344841792216
0.4057113612514227
-0.10168892327535142
0.47025787147794507
0.25062019509130967
0.5681330829138735
0.17416682410021278
0.8231920480415683
-0.2575455997502295
0.24745904202754793
-0.6487155990062808
-0.09837524740707279
0.6922441162798962
0.47675145257571083
0.3579368840173101
0.5470310990701238
-0.02543977970835025
0.6080155783584421
0.09606867185850065
0.6272733237498513
-0.50051935222229
0.6368560393515028
-0.29241696988863175
-0.6152008491845151
0.009588263642649626
0.5664479154183722
0.8895317608958794
0.7838552492407466
-0.05603776502190322
0.847981835717839
0.22699793616467212
0.2939348771350084
0.5156404871119981
0.43430099118672144
0.34990086415637106
0.4281961056290516
-0.39797076828509914
0.7104795045923237
-0.44534502685779814
0.5850466940492975
-0.27706546907973106
0.42269029995156443
-0.5959948894213497
0.8002105460066935
-0.14956982541468056
0.20990752996174553
-0.30863681932444287
0.5363718589804496
0.3418255560387487
0.40061369455877405
-0.4139944350434138
0.3147594041483006
-0.391463332964818
0.6859322053988479
-0.226549325399199
0.49626814055360835
0.0071148640227418
0.6134421811782624
-0.6312729308962812
-0.17472880378107336
0.02780172225553661
0.6051774147448148
-0.3610510515963112
0.8753064419545749
-0.0662526565963232
0.6045021694609893
0.251849755991547
0.6352917453254523
-0.20185279683504723
0.17440469471157416
-0.11133353646518862
0.5295943428587442
-0.8608189654915633
0.2979409286186571
-0.09999800633674853
0.7861308509260087
0.24983862069734572
0.4859618271621936
0.4462911504310351
0.3701420364142443
-0.3148425878213137
-0.13005996539211895
0.6155347227504163
0.017157639487959595
0.21690635784812637
0.25373005509202157
0.38581117795834236
-0.04324968328848434
0.3591832369662175
-0.05333276263542298
-0.02046817333924052
0.6216173098798987
0.7453216662641731
-0.13027614886392372
0.4897332695458475
0.34846343000527497
0.9595934292296701
0.25120968376048025
0.38670046711731415
0.05721497393678708
0.4247649748228878
0.4270042623533858
0.5302490805924336
0.16503918475057663
0.7733011439151103
-0.11035474067459633
0.1419993764860327
-0.5059651402170083
-0.010055348816583166
0.6888058610038151
0.33013804771548877
0.30327330553540105
0.6656959627270684
0.04277838627251678
0.7471602271297348
0.3057310224959573
0.4744579561941802
-0.30440456256401005
0.572069754065552
-0.14447014246074494
-0.659554405599401
0.08337776704227425
0.48660535617897105
0.900681844491701
0.9014121249989205
-0.10395042286697177
0.9502033165010727
0.4753665746934637
0.07030371607330238
-0.43026695308859086
0.7852123709316667
-0.6782204533165266
0.5713596209177614
-0.8853950667580021
0.9313183942752157
-0.6136441682380669
0.7359046999696095
-0.8425770447641958
0.6252077602057882
-0.5069343469340373
0.6856109477694631
-0.5184211293942943
0.6992315772121613
-0.3624440343393297
0.7424939780195994
-0.847813120705993
0.9047892785404973
-0.45676891095171834
0.6784371947959799
-0.4955962439680823
0.6611781644276573
-0.4757546205499616
0.8843860427820452
-0.6361963070208486
0.3647790922358352
0.027954436693545033
0.3126387737041716
-0.7101433700150479
0.5814338427995416
-0.46446730826055893
0.8543573772344032
0.04757088983900582
0.5219485054250337
-0.8395088067858142
0.6839986617354455
-0.48890819107747696
0.7232844839931988
-0.44301186047130864
0.2243252996491697
-0.6480252561550748
0.18766297355085146
-0.16838304158544642
0.8760562868687221
-0.2235179914034645
0.4660976268628532
-0.8100580439876621
-0.3555391345778106
0.5324501973055181
0.017773694844648528
0.5143617734118949
-0.36543086500970073
0.6003849019519776
-0.507155143846238
0.34323586636132225
0.25615900498691035
0.3596398595626879
-0.3393454566263616
0.09084619930182046
-0.10235002961433763
0.7266748566255414
-0.36394745020251057
0.46562198161771534
-0.30518937818706926
0.550285991563423
0.039587125944283874
0.6383885492231649
0.2285336607437229
0.6894397418713747
-0.37220771187669377
0.40563167000265515
-0.9062901160667337
-0.4444151783049341
0.6170257954835894
0.5577512757530315
0.19308803076111428
0.2604903019669537
-0.11798533666498835
0.36036895046190676
-0.20543970728679609
0.764111815743702
-0.42506081730597295
0.6798033329463111
-0.32431533796322126
-0.3718013407561062
-0.2611273814358766
0.46046541760959286
0.6079162664650998
0.41093387834291917
-0.07613493956394451
0.46568905231409224
-0.37298030187632963
0.6048167386534647
-0.4196833484537355
0.5630818258753671
-0.6462359068119318
0.604636693720308
-0.6496166337176567
0.9102783051152942
-0.8971140107016176
0.5143813658446078
-0.21662129113543224
0.9470279331733703
-0.4449861796372566
0.9312172076084178
-0.16327871376062814
0.9295219130878283
-0.5675565686178379
0.852758398744427
-0.2881942793008378
0.8007768742274767
-0.276226639121565
0.6131674083237615
-0.3913387039924251
0.8629610450341869
-0.5466291779990847
0.1940084154915495
-0.10578330819527162
0.36764204463883177
-0.6869561097616357
0.3187067780372027
-0.22869310203901258
0.744568800390666
0.27628324232744667
0.6289959249113096
-0.7186439540257049
0.893925309786153
-0.32688778094819015
0.7944577032576714
-0.4081105682973184
0.09958957661958186
-0.625564918399573
0.1729361948499583
-0.006703311514916703
0.5713297637698787
-0.06738078767209349
0.433816005246128
-0.7684288777579603
-0.749926036689373
0.8554005725777156
-0.8220200919900138
0.8581007030623571
-0.6912228563747943
0.742306154753966
-0.24092111405346217
0.5669910706237831
-0.18696510174176512
0.5151453786782825
-0.22846132931198118
0.46960101870104887
-0.42872106393949655
0.8932076801429343
-0.36201308658132353
0.8109874963013397
-0.5113278676593521
0.9011294061420201
0.017070296183392564
0.7149087944648388
-0.7657626623686367
0.9060550610291584
-0.7500620351060681
-0.10612838813682214
0.24178038342765987
0.8891904262238314
-0.6787249930317965
0.6003121435888888
-0.7138244102873869
0.48624321042597674
-0.7566084784416796
0.660994372360773
-0.4463847320908786
0.8944530309867683
-0.771642556545366
0.4673018649673308
-0.8170430408567502
0.6933712349570199
-0.06848956716952802
0.4033185438807941
-0.6067598773641935
0.22263967035154586
-0.4861419414026092
0.8384207044953569
-0.6357723630015636
0.6636440329502943
-0.7302606494271863
0.730880613472277
-0.8397929043795868
0.49428892045680445
-0.2680772194936834
0.3265986268238626
-0.5795915140395804
0.5141304464747072
0.024197263270989675
0.5651768844904366
-0.6921757811280458
0.41503417808769233
-0.4506945517859898
0.8748283548426034
-0.5111080204279913
0.24490569888558505
-0.36946077406808336
0.782848646951129
-0.7812395520121688
0.20392562911861184
-0.349449603234198
0.25641897822834087
-0.774831934160717
0.8192065381661783
-0.459893700412049
0.876798875253125
-0.1308135741064909
0.9148187622420441
-0.30839103822149533
0.5440185554902799
-0.5413341664461805
0.8656903749016829
-0.8637078770641754
0.742292317567295
-0.6495043129962172
0.5168340959965285
-0.09415782584849428
0.6554266618834866
0.10471125160939121
0.3943710867577311
-0.735589185282205
-0.9077516353528493
0.8083894728038936
-0.7341374243347308
0.8255963982604313
-0.37119126913983186
0.7863948464400198
-0.5182918581832686
0.7249080295141603
-0.43916752688808336
0.614679071600374
-0.5162012141038624
0.9830903632137405
-0.6239646741245043
0.7807704090065648
-0.531956103147814
0.8164589164362938
-0.40693726501465255
0.7795860836310655
-0.9139353557983821
0.8565172815788529
-0.5602083265647863
-0.05310694292335899
0.01725430613664485
0.8787862204138939
-0.6471811492720158
0.7159135905566297
-0.8133851670695088
0.3628160745831551
-0.5670803079984033
0.8750826147502986
-0.6608827942433678
0.7918988383407768
-0.8279751971561615
0.3611308594335016
-0.4211618800050171
0.7695863517936349
0.014051979601793604
0.5098783761537853
-0.8103553356368648
0.43502187748793314
-0.28777413913411454
0.7808860739190417
-0.6177484943472854
0.6539375801145882
-0.7971079559195513
0.6644175782144227
-0.537668587011136
0.41738364185513877
-0.47309895037758565
0.5329632628409536
-0.3037095282706398
0.5995645852442824
-0.8907462562801959
0.7215204597514309
-0.6268733647177099
0.6344755338271798
-0.6380911190069436
0.5037261159845896
-0.46852684499659086
0.8552701126672652
-0.7765412193180938
0.44522125657603184
0.16445860605611876
0.2397036681142213
-0.7186884384497109
0.7809576804859876
-0.4607498545578074
0.8285747690210036
-0.07338311178234586
0.6101012134737659
-0.767902493882391
0.4687882719967854
-0.5798622829981898
0.6966449696952269
-0.5724355653727093
0.4361764965863229
-0.5476854263012437
0.3158696714258755
-0.15311912314974704
0.846062655353818
-0.09827466416164783
0.5461670457209633
-0.7808605759707181
-0.8803077742852397
0.8383872052627757
-0.03907051341014998
0.5605381467297136
-0.5032238966045044
0.663508006206606
-0.3873240219645921
0.5668549206711362
-0.561991789737068
0.8213598276239247
-0.39557158133249515
0.7431448804859728
-0.573835163367035
0.8412153356157303
-0.0014242245809511051
0.8548954708188476
-0.8320170128368819
0.8664523432127503
-0.6947113958499868
0.10505936405466644
0.2999337627311099
0.9885045135275842
-0.42687855069868536
0.6510833855723039
-0.7084577695188075
0.47956725723634835
-0.7760187682924572
0.7044116824594628
-0.7712542279280133
0.9060964673056964
-0.9217069180917972
0.3165421888538647
-0.6787651581089674
0.877883507139031
0.14931971005138522
0.5283467894964102
-0.49607352387672765
0.38634587410241295
-0.30811674165904185
0.8626357468297728
-0.9550705142708477
0.358045911758392
-0.28777491499742064
0.7720653376914467
-0.4878290957496664
0.7674945249766769
-0.27651595563847686
0.8766883118706127
-0.6940493926766306
0.6799065812263667
-0.5282436925968469
0.7997104932544814
-0.5634199162624941
0.2942464932573309
-0.5903651562376279
0.9058089312057509
-0.7672662107266873
0.4870128098801197
-0.059947288637222144
0.07387058095364905
-0.8878944648223872
0.41242982062659994
-0.35159866804289847
0.771426066232931
-0.010843410640866533
0.8379930455652792
-0.7338086869624786
0.8681662665775772
-0.6247470035526902
0.9161208112636581
-0.46090689844313976
0.4741052246712245
-0.7493735777385987
0.10745147615285533
-0.1519398005270444
0.5183406925277575
-0.09839413421418973
0.5312164628317702
-0.9167832817236665
-0.5399637982709143
0.3854256254829667
-0.7355703390143288
0.5997949841356338
-0.789396973913466
0.2248968146594593
-0.8464286142284912
0.801450178450847
-0.7498052142993707
0.5345148181192755
-0.8857790828625652
0.5624162583559644
-0.47050434733693397
0.5441509428617023
-0.9752935601906039
0.813237059865962
-0.3642421438768474
0.1397556896435856
-0.25318260184263225
0.8866659307958341
-0.6323619892421752
0.4482827355798038
-0.9142299468356828
-0.0020274760019857105
-0.8478539083997815
0.7180911603662652
-0.8311143121338197
0.5955219290759889
-0.9527165250188374
0.6327796862426255
-0.47933842051416814
0.7606343088246403
-0.2812185220258806
0.1488147121871144
-0.7226477329062001
0.07940010243518104
-0.4966281670602985
0.9028734985240982
0.07406854781102751
0.35518188088957253
-0.035622091836932684
0.7202969205525653
0.44555382536710203
0.5975855810124716
-0.3169376344590703
0.6647215870091336
-0.05952680802129394
0.6988882057284956
0.06538325394020747
0.7398133875732344
0.27295842570260026
0.5326640873550417
-0.3353178824682157
-0.23877299420036405
0.11729186198721867
0.8356615084374436
-0.15664737930478267
0.70760756915539
0.1630291500645993
0.5913011839422447
0.619031747220524
0.44930512911565834
-0.27097191494425543
0.15684303723082682
0.16205471812564567
0.32293042120206966
-0.7743422577142605
0.039135875626338405
0.02491370903691634
0.8362306130483796
0.5343594863973817
0.5841244336057675
0.5319652106128017
0.5766256579210313
-0.36541886236113913
-0.2198336458016272
0.8305612537608571
0.06451000814534283
0.832178243597956
0.058808277510519626
0.7945957691024897
-0.187355724884086
0.7142663183486477
-0.02502999734106202
0.7509439180490046
-0.22822795854322117
0.8340390628649194
-0.5536429474552336
0.5873106962842801
-0.3945588375197185
0.06502473169651433
0.2817097822126518
0.6114456456751923
-0.3850221890565792
0.88942327923497
-0.4602181612535135
0.7038025258110372
-0.07886610086314902
0.6315131571687976
-0.4177127316276712
0.7152668048537896
-0.5264146640245382
-0.05585578615564897
-0.1523420573139642
0.6469334440266171
0.3875162756275414
0.8654258169381726
-0.5993709935514135
0.7848908993482262
0.3143686417969992
0.2951818974996059
-0.4406032925849635
0.8639912780667761
-0.23817299206765843
0.8208202129881297
-0.4290608828683954
0.8249599001261707
-0.11486922685893956
0.6275809201006971
-0.11313814803320617
0.6579875986667457
-0.35637023262559936
0.7167064258500634
-0.31566530665538933
0.06811221678245959
-0.18922936942723798
0.3456133051307554
-0.5325361598409474
0.07066095796689409
-0.22546324691055447
0.5977987091223572
0.29204659716577946
0.3667511896073718
-0.6645188072570047
0.9033417179459664
-0.1870834363647631
0.6488600718456486
-0.16162129570343647
-0.16933546078531506
-0.5857166102173039
-0.023268369079937054
-0.0801301459886175
0.48855284772276547
-0.22631972324214553
0.20307139576504216
-0.5923130373621643
-0.20934719835309712
0.5866910736815502
-0.16392037562878314
0.7674588574637858
-0.3145633174129341
0.48597970671341456
-0.40813843361065405
0.5712118216485821
-0.37908252378469964
0.73502229443515
-0.6810489267264209
0.5789265616031077
-0.1259700932808886
0.5353584801975837
0.008355029654972855
0.7111070015555678
-0.4753870741413144
0.9270065348525897
-0.713311110959189
0.5456598732665158
-0.32857855353523335
0.45724302749129475
-0.684903875738882
0.6161810309660477
-0.7640091683330561
0.2535080034062045
-0.23856846565244028
0.8403926208290469
0.14601306388343907
0.7545119707744761
-0.7164266204614634
0.6651807414769879
0.35347788763363946
0.4062485641928454
0.1838337090617786
0.9387555245715253
-0.3530635267800988
0.8583102341333603
-0.050278716506047406
0.8436883016342103
0.008403597980770734
0.7103246570373903
-0.03945296763001498
0.7249048265812353
-0.37077729713081004
-0.059063336577307994
-0.079237468614637
0.6395609539591377
-0.4420688748900194
0.3475152548432005
0.05585191283311045
0.66874667029777
0.586349581989022
0.5830211187857112
-0.5115850070194018
0.7041370901034057
-0.01696638700707455
0.6139172028652339
-0.5455755343490378
-0.01130304283289196
-0.3576568060181108
0.4557422022156477
0.3355758764286066
0.503500700809633
0.25054058544711694
0.5337814437411089
-0.6297040069505375
0.04769620393664937
0.6147872101681681
-0.12244183669262773
0.6019579065086439
0.21100156882814766
0.7154414321009721
0.0870591010342724
0.8945304289119047
-0.3511512149297283
0.3823061135537784
-0.6598316993953661
-0.055246840666501
0.6432655540493022
0.5551999396775184
0.08570269666287492
0.7554690710377713
-0.18842230549890224
0.757028015634284
0.06315222518751665
0.663399193480175
-0.44147185791901905
0.7502495166301513
-0.3626238407939085
-0.4620288266097436
-0.1105214084804932
0.6422423086290331
0.7847124024181614
0.9033250164109505
-0.29646559947175033
0.918537417648901
0.26408448460557704
0.32610834064879934
-0.448895841337284
0.8535769813404172
-0.17201811242733314
0.8372581250356811
-0.17868101613938345
0.4915209493526062
-0.18843809559769523
0.7585722779839101
-0.4746904032889843
0.2452344573235926
0.008997708083039109
0.3971730660840256
-0.5927465279545253
0.30882117332824477
0.008615110657340908
0.6826895134962963
0.43546810661692
0.7063264323475588
-0.6124586531858071
0.7405756301403875
-0.232781184581105
0.6778640130080924
-0.4974264548399183
0.22327158490255444
-0.47390196113416644
0.32911289528291193
0.2612023013504894
0.4739518502986428
0.19292479963269485
0.698596784672283
-0.822356044270196
-0.5659589819092249
0.7516924772254893
-0.5350331260111416
0.8316802220283116
-0.3401647370670081
0.7849272070504065
-0.878470675547852
0.8452382316001051
-0.5586744207520664
0.06127204417347619
0.05636243968827785
0.8905060924934065
-0.6799773429191993
0.7915339490080758
-0.840975852591109
0.45436153166075505
-0.583395243536534
0.7900897510261122
-0.6327761764569627
0.8257523361067738
-0.8336918611124379
0.39942508489326256
-0.5182203625134618
0.817683456048623
0.006844088777900678
0.5602658887068831
-0.8396499141360303
0.4656196740401091
-0.23849012385391571
0.7804627503954735
-0.08407819034115022
0.7106697348956444
-0.119735076570768
0.7755934052161891
-0.18942301487712723
0.7359011124819762
-0.33075848899662735
0.11303562913975207
-0.07515148295356305
0.5216844415228074
-0.48321774106330795
0.3420213821508673
-0.1943701055002512
0.7443415514066386
0.3881794402102228
0.40196294688000633
-0.6829220357924002
0.7043949457560759
-0.15360917579001704
0.5681306403120905
-0.3859671252265425
-0.032235630433390734
-0.5014541398588058
0.2510771811485676
0.10183664903894199
0.746246576446717
-0.06619681714736225
0.4694027940381773
-0.7030465008295558
-0.1679515559674351
0.9480267009777045
0.09996545457199416
0.7996246464252509
-0.6431891094830781
0.8995305310328237
-0.724116405896448
-0.397560582393638
0.4092307357779319
0.7513456685494015
-0.5159205720944057
0.5273496331829388
-0.39321436065482823
0.5760359113312415
-0.5066976408360727
0.7010128807391198
-0.30115767979272995
0.8632605677690031
-0.6107353654180957
0.1615358136485239
-0.5431219608347032
0.4730650297497669
0.15979364317134823
0.5348893650931517
-0.3215683633800199
0.31205435851290514
-0.2544415511325737
0.528263950166953
-0.19495453303716048
0.5332983380397053
-0.13596641885071134
0.7937872519929742
-0.5747771237464936
0.00803752459856071
-0.3358610701574967
0.5611529218760924
-0.6316888728542324
0.6582445135856944
-0.1961932830280639
0.8779448877486614
0.30082612449084856
0.844372771419788
-0.3553574976845064
0.6679397946691291
-0.2430904481197812
0.7974322352328326
-0.8475346969129418
0.432733884342122
-0.5467133149743866
0.6174138231155794
0.20243241792139205
0.6572611276005186
0.2576079950839739
0.5212010898230467
-0.7492256983779217
0.17783153659676237
0.8924257087593017
-0.646015544307079
0.8757021690722159
-0.8227914206166079
-0.21753981154327687
0.5217386409856495
0.8420945021782115
-0.472485732139097
0.6828279297661268
-0.4753040923021305
0.7184457439315669
-0.5334090372073116
0.6932630740418261
-0.3909519660517611
0.9738338294726911
-0.6701488475671844
0.13523312800253187
-0.6696670040481473
0.6547132367004813
0.26734760772811045
0.663354364798216
-0.40617888008477815
0.46405584675047234
-0.21816018353387634
0.6381584286122659
0.07674885813554064
0.5220973590260067
-0.10350155289578439
-0.42709724923196063
-0.21388791241937288
0.8147065214186586
-0.12426969623095104
0.40055712756815093
-0.1513081931973142
0.583373163081972
0.48834038567240917
0.06860476415840323
-0.3703963862921476
0.44646355296176726
0.21449524126218364
0.32786159609114995
-0.39290430597497195
-0.4124108095729356
-0.2060341592080754
0.4117890702485457
0.1408304176815027
0.7034709818134128
-0.008491332187784768
0.03858660534488218
-0.19987379600213234
-0.6311792798785322
0.7112036451443575
-0.7237829899341096
0.01807893513952849
0.5600954722151184
0.8391979401317932
-0.20068414924738667
0.8126062386593138
-0.4510712131749611
0.7533448127679823
-0.35636736344705433
0.7303657205127353
-0.6293402237365575
0.9308144109162332
-0.6966594707640084
-0.10920673198158819
-0.4174381148630652
0.8156958613213312
0.5461771442472705
0.8564815860410665
-0.40050756052286063
0.754554935328442
0.06806472756101138
0.5778332420362894
-0.8567906487132623
0.38703711299422766
-0.06686255074136689
0.21826348572907767
-0.8940412379606527
0.6692427145336813
-0.5426013061306004
0.9044614365253886
-0.08832873224108934
0.7580561394873305
-0.8038784925677737
0.8059638406724823
-0.647337187451338
0.9414383523367594
-0.5628617666338627
0.4101973669278588
-0.7624821673915682
0.207638337450075
-0.26926977879857456
0.7765124526193623
-0.19505057279246402
0.40868061127767014
-0.8512244279433702
-0.5993221381289767
-0.15630515331327804
0.11135449224134632
0.8952076395488588
-0.7339038080952714
0.5277850026601045
-0.7034991923336129
0.3748673891303179
-0.8074554923212834
0.6860836327399826
-0.5100274924415993
0.8288149165787236
-0.8503382747510245
0.5301812429865977
-0.6881592734713377
0.6255566800767249
-0.157513486199052
0.3551124690534706
-0.5373607823236362
0.12647341039561316
-0.43016359349629235
0.7530977707685206
0.4467776835422068
-0.7054621560431551
-0.6514995310915777
0.06570988732209601
-0.3379799771779262
0.18065038307879552
-0.5477225575051661
0.4002163238431772
-0.6520392688280473
0.2710389733295723
-0.8391307857180338
0.39262211909411565
0.15111864028223346
0.6033832701034342
-0.46506080241907743
-0.44674119703656184
-0.4366945073489976
0.09374305257375305
-0.3517755733648012
0.44721359549995787
-0.6461960680436423
-0.23840897597840327
0.114623442702444
-0.06260981275417722
0.4491739184436031
-0.37292602353508947
0.13525649664360662
-0.07370934181924363
-0.3345923862057092
-0.3782920647904756
-0.06222855232958123
-0.2825831138736772
0.24227836744162667
-0.048960094318936
0.4634521632115169
-0.06913215480644308
0.25022623454561876
-0.32972393203518574
0.2729203688635362
0.5097067710358487
0.0030992769834125937
0.195144388822748
0.4098331592970466
0.27457765789579486
0.3825075675333539
0.7760976157076958
0.12319831090539758
0.1108142918774858
0.09130674209364685
0.567301029345233
0.07396712102203858
-0.6162334721008897
-0.3261306748642829
0.17827773254192597
0.7963768795084243
0.60767939603571
0.4108431152627779
0.5171858269658013
0.1779699969346323
0.013222730925533088
-0.5277402588536965
0.6874624759035769
-0.7935826305344823
0.44150631874157364
-0.7832701624162154
0.7453362681210427
-0.7821215918827689
0.8919799430140789
-0.9504011082574614
0.3927400708257039
-0.6576926000961121
0.8912177498491797
0.06927670847554718
0.513712728673073
-0.6154027410009437
0.3801425239372405
-0.3244395597394335
0.8853494558575846
-0.38241695846425655
0.7574048883247838
-0.07198157507486946
0.6607124189024781
-0.2885589680391959
0.17872799010550008
-0.38135915120490427
0.6079269019247739
-0.8645710270486257
0.5473825102797671
-0.3290979238064123
0.6670409314645452
-0.013243913940960432
0.717841986124951
0.19574481919677855
0.35263625963054
-0.47380084633471803
-0.598697520833604
0.7632109738434455
-0.21473151504226426
0.45041805795652917
-0.539519084146139
0.7365318024113457
-0.635567949069285
0.07847939093279194
-0.3453591889260897
0.8403504409022764
0.3394498455320724
0.888103570633325
-0.6668674233667251
0.8054088777892332
0.3646143966684376
0.3976371006577156
-0.059551007770586875
0.7321896802472314
-0.5629701399459748
0.7331693292919679
-0.5126712213072179
0.8886352651799102
-0.7238828221012504
0.46309786071719694
-0.7785003501255828
0.3793128613038228
-0.2050488677653037
0.912635156771326
-0.14909915405125035
0.31979100824107193
-0.7980818678845298
-0.019398894553159424
0.1744155566102845
-0.08150424451682632
0.7491454546822748
-0.251651904599638
-0.26670683956895075
-0.4603793820891909
0.5007400613860499
0.5992804561652951
0.8958576909998487
-0.10085661241864466
0.7263557376018033
0.4082482904638631
0.10409887148195478
-0.3914082858291305
0.5333927623724634
-0.561992417774285
0.8252408192617512
-0.7686687668492118
0.7857554162248181
-0.5456623615211618
0.4568068008234396
0.06246115857467979
0.42118255245982006
0.2570897946717975
0.6494043741337165
-0.8249002483734242
-0.6717116624023919
0.6701854578212878
-0.6521098184756484
0.03918496325446902
-0.1558150496092209
0.612623747209833
0.23490431776803627
0.3911290759245396
-0.5614385307083942
0.425594604158155
-0.3865406295750236
0.7367223022257644
-0.5066797485753372
0.8495291527601841
-0.21499480992089198
0.16095589840342123
-0.8641907508536816
-0.14362246970310838
-0.37826627389823414
0.5762176129016084
-0.4322123642859385
0.11408217767843312
-0.7357273463201258
-0.7232924800730985
0.10539427268704267
-0.7042636752691528
0.7735068749797609
0.3432335400045074
0.7115293131325131
-0.4102687047111934
0.5392954844812877
-0.1818492358384288
0.7017586800840366
-0.5597665657486808
0.5570836717313056
-0.8708787133982515
0.13083638503154965
-0.38203763034167515
0.6854203212691188
-0.25765350186351665
0.2801903450312109
-0.8401867369375177
-0.529629459142857
0.22630553345720958
-0.8766383057972015
-0.34283559945095315
-0.5583048940778436
-0.5092375755713487
-0.48433989168505726
0.47485810288829905
-0.46607233053225683
0.19946136189607067
-0.17924258292671008
0.2400007448331434
0.07769124402037861
0.4631602715531357
-0.6338209490582961
0.2437893747723651
0.6664500045306674
-0.677997063583225
0.6313000995824333
0.0
0.7559210598122313
0.6980815627018466
0.2860038440302604
0.7948686644433326
0.4689876455039342
-0.11247286782087855
-0.292688848102272
0.9325495340639346
0.5365267054028243
0.15659308106064257
-0.30564968124343167
0.14223931862470432
-0.6133995994569666
0.5680957351821989
0.1168172035630221
-0.6538182511034677
