0.047619047619047616
0.5714285714285714
0.35714285714285715
0.42857142857142855
0.0
0.5714285714285714
0.38095238095238093
0.16666666666666666
0.40476190476190477
0.2619047619047619
0.047619047619047616
0.19047619047619047
0.3333333333333333
0.7619047619047619
0.2857142857142857
0.5714285714285714
0.47619047619047616
0.42857142857142855
0.19047619047619047
0.8095238095238095
0.42857142857142855
0.5238095238095238
0.09523809523809523
0.7619047619047619
0.38095238095238093
0.5952380952380952
0.42857142857142855
0.5476190476190477
0.35714285714285715
0.30952380952380953
0.047619047619047616
0.6904761904761905
0.4523809523809524
0.6428571428571429
0.09523809523809523
0.5714285714285714
0.5238095238095238
0.38095238095238093
0.4523809523809524
0.8095238095238095
0.6190476190476191
0.8809523809523809
0.8095238095238095
0.7380952380952381
0.2619047619047619
0.42857142857142855
0.5238095238095238
0.42857142857142855
0.09523809523809523
0.42857142857142855
0.47619047619047616
0.6190476190476191
0.19047619047619047
0.3333333333333333
0.23809523809523808
0.07142857142857142
0.6428571428571429
0.38095238095238093
0.6666666666666666
-0.14285714285714285
0.5
0.30952380952380953
0.3333333333333333
0.16666666666666666
0.42857142857142855
-0.38095238095238093
0.7142857142857143
-0.09523809523809523
0.21428571428571427
-0.23809523809523808
0.5952380952380952
0.4523809523809524
0.6904761904761905
0.21428571428571427
0.5238095238095238
0.16666666666666666
0.3333333333333333
0.21428571428571427
0.5
0.38095238095238093
0.6904761904761905
-0.30952380952380953
0.8333333333333334
0.35714285714285715
0.42857142857142855
0.023809523809523808
0.3333333333333333
0.30952380952380953
0.9047619047619048
0.2857142857142857
0.42857142857142855
-0.38095238095238093
0.2619047619047619
-0.19047619047619047
0.4523809523809524
0.14285714285714285
0.40476190476190477
-0.11904761904761904
0.9285714285714286
0.38095238095238093
0.38095238095238093
-0.19047619047619047
0.4523809523809524
0.0
0.38095238095238093
0.023809523809523808
0.40476190476190477
0.30952380952380953
0.8809523809523809
0.19047619047619047
0.6666666666666666
0.47619047619047616
0.5238095238095238
0.19047619047619047
0.7857142857142857
0.6904761904761905
0.5714285714285714
0.3333333333333333
0.23809523809523808
0.16666666666666666
0.47619047619047616
0.5238095238095238
0.5238095238095238
0.23809523809523808
0.42857142857142855
0.40476190476190477
0.5714285714285714
0.47619047619047616
0.30952380952380953
0.6190476190476191
0.6904761904761905
0.19047619047619047
0.8571428571428571
0.38095238095238093
0.6190476190476191
0.38095238095238093
0.3333333333333333
0.2857142857142857
0.5714285714285714
0.5714285714285714
0.47619047619047616
0.23809523809523808
0.5714285714285714
0.42857142857142855
0.5476190476190477
0.47619047619047616
0.6904761904761905
0.16666666666666666
0.5714285714285714
0.5714285714285714
0.7857142857142857
0.2857142857142857
0.35714285714285715
0.14285714285714285
0.5714285714285714
0.40476190476190477
0.3333333333333333
0.38095238095238093
0.6666666666666666
0.19047619047619047
0.40476190476190477
0.2857142857142857
0.40476190476190477
0.5238095238095238
0.0
0.4523809523809524
0.30952380952380953
0.2857142857142857
-0.047619047619047616
0.2857142857142857
-0.047619047619047616
0.35714285714285715
0.19047619047619047
0.3333333333333333
-0.047619047619047616
0.5
0.4523809523809524
0.7142857142857143
0.35714285714285715
0.6190476190476191
0.2857142857142857
0.38095238095238093
0.11904761904761904
0.4523809523809524
0.38095238095238093
0.6428571428571429
-0.047619047619047616
0.7142857142857143
0.40476190476190477
0.47619047619047616
0.11904761904761904
0.38095238095238093
0.35714285714285715
0.8095238095238095
0.42857142857142855
0.47619047619047616
-0.047619047619047616
0.5238095238095238
0.09523809523809523
0.8571428571428571
0.23809523809523808
0.30952380952380953
0.07142857142857142
0.6190476190476191
0.2857142857142857
0.6190476190476191
0.0
0.42857142857142855
-0.09523809523809523
0.38095238095238093
0.16666666666666666
0.30952380952380953
0.16666666666666666
0.7380952380952381
0.3333333333333333
0.47619047619047616
-0.047619047619047616
0.7380952380952381
0.7857142857142857
0.40476190476190477
0.09523809523809523
0.19047619047619047
0.0
0.6190476190476191
0.09523809523809523
0.38095238095238093
0.09523809523809523
0.09523809523809523
0.38095238095238093
0.6190476190476191
0.2857142857142857
0.2857142857142857
0.5714285714285714
0.5238095238095238
-0.047619047619047616
0.6904761904761905
0.2857142857142857
0.40476190476190477
0.5952380952380952
-0.023809523809523808
0.14285714285714285
0.5476190476190477
0.16666666666666666
0.30952380952380953
0.42857142857142855
0.8095238095238095
0.3333333333333333
0.38095238095238093
0.7857142857142857
0.5238095238095238
0.19047619047619047
0.4523809523809524
0.42857142857142855
0.2619047619047619
0.5952380952380952
0.5714285714285714
0.09523809523809523
0.38095238095238093
0.09523809523809523
0.2857142857142857
0.19047619047619047
0.47619047619047616
0.047619047619047616
0.19047619047619047
0.47619047619047616
-0.30952380952380953
0.5714285714285714
0.6666666666666666
0.47619047619047616
0.2857142857142857
0.5476190476190477
-0.07142857142857142
0.5238095238095238
-0.2857142857142857
0.7142857142857143
0.07142857142857142
0.35714285714285715
0.5714285714285714
0.6904761904761905
0.14285714285714285
0.5714285714285714
-0.14285714285714285
0.5714285714285714
0.19047619047619047
0.5714285714285714
0.5714285714285714
0.6666666666666666
0.047619047619047616
0.6190476190476191
0.6666666666666666
0.5476190476190477
-0.14285714285714285
0.7142857142857143
0.19047619047619047
0.7857142857142857
0.21428571428571427
0.5952380952380952
-0.07142857142857142
0.2857142857142857
-0.09523809523809523
0.2857142857142857
0.0
0.23809523809523808
0.2857142857142857
0.5714285714285714
0.19047619047619047
0.30952380952380953
0.14285714285714285
0.8095238095238095
-0.21428571428571427
0.5714285714285714
0.19047619047619047
0.6190476190476191
0.42857142857142855
0.7142857142857143
-0.30952380952380953
0.14285714285714285
0.23809523809523808
0.5238095238095238
0.19047619047619047
0.2619047619047619
-0.09523809523809523
0.8095238095238095
-0.19047619047619047
0.14285714285714285
0.14285714285714285
0.19047619047619047
0.07142857142857142
0.47619047619047616
0.19047619047619047
0.7619047619047619
0.09523809523809523
0.47619047619047616
-0.30952380952380953
0.47619047619047616
0.09523809523809523
0.3333333333333333
0.23809523809523808
-0.14285714285714285
0.0
0.8571428571428571
-0.07142857142857142
0.5714285714285714
-0.07142857142857142
0.5
-0.09523809523809523
0.5952380952380952
0.23809523809523808
0.6904761904761905
0.09523809523809523
0.7142857142857143
0.47619047619047616
0.42857142857142855
0.19047619047619047
0.14285714285714285
-0.14285714285714285
0.35714285714285715
-0.30952380952380953
0.5476190476190477
-0.19047619047619047
0.6428571428571429
-0.38095238095238093
-0.09523809523809523
0.047619047619047616
0.19047619047619047
0.09523809523809523
0.07142857142857142
0.3333333333333333
-0.19047619047619047
0.7857142857142857
-0.23809523809523808
0.6190476190476191
0.2857142857142857
0.6904761904761905
0.5
0.3333333333333333
0.2619047619047619
0.38095238095238093
-0.14285714285714285
0.23809523809523808
0.5
1.0
0.23809523809523808
0.5
0.11904761904761904
0.30952380952380953
0.6428571428571429
0.19047619047619047
-0.21428571428571427
0.6428571428571429
0.11904761904761904
0.42857142857142855
0.07142857142857142
0.6666666666666666
-0.19047619047619047
0.16666666666666666
-0.023809523809523808
0.5238095238095238
0.14285714285714285
0.5952380952380952
0.3333333333333333
0.40476190476190477
0.42857142857142855
0.8571428571428571
0.19047619047619047
0.7857142857142857
0.16666666666666666
0.7619047619047619
0.14285714285714285
0.5476190476190477
0.6904761904761905
0.40476190476190477
0.6190476190476191
0.40476190476190477
0.2857142857142857
0.14285714285714285
0.11904761904761904
0.14285714285714285
0.5
0.3333333333333333
0.19047619047619047
0.23809523809523808
0.4523809523809524
0.38095238095238093
0.42857142857142855
0.023809523809523808
0.8571428571428571
0.47619047619047616
0.19047619047619047
0.6190476190476191
0.2857142857142857
0.30952380952380953
0.40476190476190477
0.23809523809523808
0.2857142857142857
0.19047619047619047
0.38095238095238093
0.14285714285714285
0.42857142857142855
0.47619047619047616
0.38095238095238093
0.2857142857142857
0.5
0.3333333333333333
0.07142857142857142
0.14285714285714285
0.2857142857142857
0.3333333333333333
0.40476190476190477
0.5714285714285714
0.19047619047619047
0.42857142857142855
0.5
0.14285714285714285
0.38095238095238093
0.38095238095238093
0.23809523809523808
0.5238095238095238
0.38095238095238093
0.2857142857142857
0.09523809523809523
0.0
0.14285714285714285
0.47619047619047616
0.11904761904761904
0.38095238095238093
0.09523809523809523
0.09523809523809523
0.5238095238095238
0.38095238095238093
0.23809523809523808
0.14285714285714285
0.42857142857142855
0.4523809523809524
0.09523809523809523
0.8333333333333334
0.2857142857142857
0.42857142857142855
0.47619047619047616
0.023809523809523808
0.42857142857142855
0.5
0.35714285714285715
0.30952380952380953
0.38095238095238093
0.5238095238095238
0.2857142857142857
0.16666666666666666
0.6666666666666666
0.35714285714285715
0.14285714285714285
0.40476190476190477
0.47619047619047616
0.42857142857142855
0.47619047619047616
0.30952380952380953
0.047619047619047616
0.19047619047619047
0.3333333333333333
0.09523809523809523
0.14285714285714285
0.3333333333333333
0.2857142857142857
0.07142857142857142
0.38095238095238093
0.7619047619047619
0.38095238095238093
0.16666666666666666
0.23809523809523808
0.23809523809523808
0.23809523809523808
0.11904761904761904
0.5476190476190477
0.09523809523809523
0.35714285714285715
0.19047619047619047
0.3333333333333333
0.047619047619047616
0.40476190476190477
0.07142857142857142
0.5714285714285714
0.35714285714285715
0.23809523809523808
0.42857142857142855
0.40476190476190477
0.19047619047619047
0.40476190476190477
0.38095238095238093
0.35714285714285715
0.23809523809523808
0.3333333333333333
0.2857142857142857
0.6666666666666666
0.23809523809523808
0.2857142857142857
-0.19047619047619047
0.42857142857142855
0.4523809523809524
0.5476190476190477
0.42857142857142855
0.14285714285714285
-0.14285714285714285
0.7142857142857143
0.23809523809523808
0.09523809523809523
0.19047619047619047
0.8333333333333334
0.30952380952380953
0.07142857142857142
0.35714285714285715
0.21428571428571427
0.42857142857142855
-0.09523809523809523
0.3333333333333333
-0.21428571428571427
0.40476190476190477
0.7380952380952381
0.47619047619047616
0.0
0.42857142857142855
0.3333333333333333
0.09523809523809523
0.09523809523809523
0.3333333333333333
0.47619047619047616
0.5476190476190477
-0.19047619047619047
0.5238095238095238
0.6190476190476191
0.5952380952380952
0.14285714285714285
0.42857142857142855
0.38095238095238093
0.5714285714285714
-0.023809523809523808
0.21428571428571427
0.2857142857142857
0.0
-0.14285714285714285
0.09523809523809523
0.19047619047619047
0.3333333333333333
0.3333333333333333
0.5238095238095238
-0.047619047619047616
0.07142857142857142
0.35714285714285715
0.5714285714285714
-0.16666666666666666
0.16666666666666666
0.6190476190476191
0.4523809523809524
0.047619047619047616
0.5476190476190477
-0.42857142857142855
0.3333333333333333
0.19047619047619047
0.2857142857142857
-0.3333333333333333
0.11904761904761904
-0.2619047619047619
0.14285714285714285
-0.09523809523809523
0.0
-0.047619047619047616
-0.047619047619047616
-0.19047619047619047
0.14285714285714285
-0.07142857142857142
0.3333333333333333
-0.09523809523809523
0.2857142857142857
-0.14285714285714285
0.14285714285714285
0.0
0.047619047619047616
-0.16666666666666666
0.19047619047619047
0.09523809523809523
0.6904761904761905
0.19047619047619047
0.23809523809523808
-0.14285714285714285
0.14285714285714285
-0.14285714285714285
0.2857142857142857
-0.23809523809523808
-0.14285714285714285
-0.14285714285714285
0.5952380952380952
-0.047619047619047616
-0.09523809523809523
0.023809523809523808
0.6666666666666666
-0.023809523809523808
-0.14285714285714285
-0.11904761904761904
-0.09523809523809523
0.40476190476190477
-0.09523809523809523
0.8809523809523809
0.6428571428571429
0.5476190476190477
0.2619047619047619
0.6190476190476191
0.2619047619047619
0.19047619047619047
0.5
0.7857142857142857
0.38095238095238093
0.6904761904761905
-0.21428571428571427
0.5476190476190477
0.5476190476190477
0.38095238095238093
0.11904761904761904
0.5238095238095238
0.5
0.5714285714285714
0.0
0.47619047619047616
-0.42857142857142855
-0.11904761904761904
0.0
0.5
0.38095238095238093
0.6904761904761905
0.2619047619047619
0.6428571428571429
0.38095238095238093
0.5714285714285714
-0.14285714285714285
0.5476190476190477
0.19047619047619047
0.5714285714285714
0.11904761904761904
0.5
0.5952380952380952
0.5952380952380952
-0.19047619047619047
0.2857142857142857
0.14285714285714285
0.09523809523809523
0.14285714285714285
0.6190476190476191
0.23809523809523808
0.6904761904761905
0.07142857142857142
0.47619047619047616
-0.23809523809523808
0.5476190476190477
0.14285714285714285
0.38095238095238093
0.2857142857142857
-0.14285714285714285
0.047619047619047616
0.9047619047619048
-0.047619047619047616
0.6190476190476191
-0.023809523809523808
0.5714285714285714
0.047619047619047616
0.42857142857142855
0.42857142857142855
0.7619047619047619
0.3333333333333333
0.8095238095238095
0.5
0.42857142857142855
0.19047619047619047
0.2619047619047619
0.023809523809523808
0.23809523809523808
-0.3333333333333333
0.38095238095238093
-0.07142857142857142
0.5714285714285714
-0.19047619047619047
-0.09523809523809523
0.09523809523809523
0.42857142857142855
0.2857142857142857
0.6666666666666666
0.2619047619047619
0.42857142857142855
0.5714285714285714
-0.16666666666666666
0.42857142857142855
0.35714285714285715
0.6190476190476191
0.38095238095238093
0.6190476190476191
0.38095238095238093
0.3333333333333333
0.8571428571428571
0.09523809523809523
-0.14285714285714285
0.8571428571428571
0.23809523809523808
0.38095238095238093
0.2857142857142857
0.8095238095238095
0.21428571428571427
0.14285714285714285
0.30952380952380953
0.35714285714285715
0.19047619047619047
0.23809523809523808
0.5952380952380952
0.14285714285714285
0.16666666666666666
0.42857142857142855
0.42857142857142855
0.5952380952380952
-0.047619047619047616
0.8571428571428571
0.3333333333333333
0.5238095238095238
0.6428571428571429
0.42857142857142855
-0.16666666666666666
0.0
-0.3333333333333333
0.6428571428571429
-0.14285714285714285
-0.2857142857142857
0.11904761904761904
0.6190476190476191
0.2857142857142857
0.2857142857142857
0.0
0.9047619047619048
-0.047619047619047616
0.19047619047619047
-0.42857142857142855
0.09523809523809523
0.47619047619047616
-0.09523809523809523
-0.23809523809523808
0.5952380952380952
0.6190476190476191
0.5714285714285714
0.6190476190476191
0.6190476190476191
0.023809523809523808
0.30952380952380953
0.38095238095238093
0.6190476190476191
-0.09523809523809523
0.38095238095238093
0.30952380952380953
0.7380952380952381
0.14285714285714285
0.30952380952380953
0.5714285714285714
0.38095238095238093
0.19047619047619047
0.38095238095238093
-0.09523809523809523
0.5952380952380952
0.6190476190476191
0.30952380952380953
0.7142857142857143
0.5238095238095238
0.3333333333333333
0.5476190476190477
0.6904761904761905
0.38095238095238093
0.5952380952380952
-0.2619047619047619
0.5
0.40476190476190477
0.4523809523809524
0.30952380952380953
0.3333333333333333
0.5952380952380952
0.5238095238095238
0.023809523809523808
0.30952380952380953
-0.3333333333333333
-0.07142857142857142
0.14285714285714285
0.6666666666666666
0.47619047619047616
0.7380952380952381
0.23809523809523808
0.5952380952380952
0.5238095238095238
0.6904761904761905
-0.11904761904761904
0.47619047619047616
0.30952380952380953
0.42857142857142855
0.21428571428571427
0.30952380952380953
0.5952380952380952
0.5
0.5238095238095238
0.4523809523809524
0.8095238095238095
0.47619047619047616
0.09523809523809523
0.30952380952380953
0.5
0.5714285714285714
0.9047619047619048
-0.023809523809523808
0.6904761904761905
0.8809523809523809
0.47619047619047616
0.30952380952380953
0.7619047619047619
0.7380952380952381
0.6190476190476191
0.19047619047619047
0.6190476190476191
0.19047619047619047
-0.023809523809523808
0.2857142857142857
0.5238095238095238
0.5714285714285714
0.5
0.6190476190476191
0.5
0.047619047619047616
0.2857142857142857
0.2857142857142857
0.42857142857142855
-0.14285714285714285
0.5952380952380952
0.5952380952380952
0.6190476190476191
0.30952380952380953
0.7142857142857143
0.09523809523809523
0.7619047619047619
0.4523809523809524
0.5238095238095238
0.14285714285714285
0.3333333333333333
0.6666666666666666
0.6666666666666666
-0.23809523809523808
0.7142857142857143
0.3333333333333333
0.8571428571428571
0.3333333333333333
0.38095238095238093
0.5714285714285714
0.8333333333333334
0.14285714285714285
0.19047619047619047
-0.2619047619047619
0.19047619047619047
0.0
0.5952380952380952
0.2857142857142857
0.38095238095238093
0.16666666666666666
0.6666666666666666
0.14285714285714285
0.2857142857142857
-0.2619047619047619
0.5476190476190477
-0.09523809523809523
0.14285714285714285
0.14285714285714285
0.3333333333333333
0.14285714285714285
0.7142857142857143
0.47619047619047616
0.38095238095238093
0.21428571428571427
0.7380952380952381
0.2619047619047619
0.5238095238095238
0.5476190476190477
0.5476190476190477
0.5476190476190477
0.35714285714285715
-0.16666666666666666
0.5476190476190477
0.5238095238095238
0.5476190476190477
0.23809523809523808
0.8095238095238095
0.7380952380952381
0.42857142857142855
0.5476190476190477
0.8571428571428571
0.5
0.7857142857142857
0.6428571428571429
0.6190476190476191
0.40476190476190477
0.5714285714285714
0.38095238095238093
0.5238095238095238
-0.047619047619047616
0.3333333333333333
0.6666666666666666
0.5476190476190477
0.2619047619047619
0.4523809523809524
0.4523809523809524
0.5952380952380952
0.4523809523809524
0.3333333333333333
0.38095238095238093
0.5952380952380952
0.8571428571428571
-0.14285714285714285
0.7142857142857143
0.6190476190476191
0.5714285714285714
0.42857142857142855
0.5714285714285714
0.8095238095238095
0.6904761904761905
0.23809523809523808
0.47619047619047616
-0.09523809523809523
0.0
0.38095238095238093
0.7142857142857143
0.5714285714285714
0.4523809523809524
0.42857142857142855
0.5238095238095238
0.2619047619047619
0.35714285714285715
-0.047619047619047616
0.3333333333333333
-0.047619047619047616
0.5
0.3333333333333333
0.42857142857142855
0.42857142857142855
0.7142857142857143
0.023809523809523808
0.2857142857142857
-0.14285714285714285
0.47619047619047616
0.42857142857142855
-0.19047619047619047
0.47619047619047616
0.047619047619047616
0.42857142857142855
0.8571428571428571
0.0
0.8571428571428571
0.2619047619047619
0.19047619047619047
-0.09523809523809523
0.14285714285714285
-0.047619047619047616
0.47619047619047616
0.4523809523809524
0.7619047619047619
0.5
0.30952380952380953
0.38095238095238093
0.11904761904761904
0.0
-0.047619047619047616
-0.21428571428571427
0.19047619047619047
-0.14285714285714285
0.47619047619047616
-0.047619047619047616
-0.09523809523809523
0.3333333333333333
0.42857142857142855
0.23809523809523808
0.42857142857142855
0.19047619047619047
0.19047619047619047
0.2857142857142857
0.09523809523809523
0.21428571428571427
0.09523809523809523
0.19047619047619047
0.09523809523809523
0.40476190476190477
0.38095238095238093
0.21428571428571427
0.0
0.3333333333333333
0.23809523809523808
0.21428571428571427
0.023809523809523808
0.21428571428571427
0.09523809523809523
0.3333333333333333
0.5476190476190477
0.3333333333333333
0.09523809523809523
0.47619047619047616
0.38095238095238093
0.2857142857142857
0.09523809523809523
-0.09523809523809523
0.6190476190476191
0.2857142857142857
0.5
0.5714285714285714
0.30952380952380953
0.5476190476190477
0.30952380952380953
0.21428571428571427
-0.09523809523809523
0.5
0.42857142857142855
0.40476190476190477
0.09523809523809523
0.5714285714285714
0.5238095238095238
0.2619047619047619
0.40476190476190477
0.6904761904761905
0.2857142857142857
0.6666666666666666
0.8809523809523809
0.6190476190476191
0.40476190476190477
0.7380952380952381
0.5238095238095238
0.47619047619047616
0.2857142857142857
0.7142857142857143
0.5714285714285714
0.5
0.11904761904761904
0.7142857142857143
0.21428571428571427
0.23809523809523808
0.5
0.11904761904761904
0.30952380952380953
0.6428571428571429
0.19047619047619047
-0.21428571428571427
0.6428571428571429
0.11904761904761904
0.42857142857142855
0.07142857142857142
0.6666666666666666
-0.19047619047619047
0.16666666666666666
-0.023809523809523808
0.5238095238095238
0.14285714285714285
0.5952380952380952
0.3333333333333333
0.40476190476190477
0.42857142857142855
0.8571428571428571
0.19047619047619047
0.7857142857142857
0.16666666666666666
0.7619047619047619
0.14285714285714285
0.5476190476190477
0.6904761904761905
0.40476190476190477
0.6190476190476191
0.38095238095238093
0.6666666666666666
0.40476190476190477
0.5714285714285714
0.6904761904761905
0.5952380952380952
0.6904761904761905
0.5238095238095238
0.5238095238095238
0.42857142857142855
0.3333333333333333
0.47619047619047616
0.5238095238095238
0.3333333333333333
0.6904761904761905
0.6666666666666666
0.7142857142857143
0.5714285714285714
0.23809523809523808
0.11904761904761904
0.3333333333333333
0.42857142857142855
0.14285714285714285
0.30952380952380953
0.6666666666666666
0.38095238095238093
0.19047619047619047
0.5714285714285714
-0.023809523809523808
0.8809523809523809
0.7857142857142857
0.47619047619047616
0.30952380952380953
0.7619047619047619
0.7380952380952381
0.8095238095238095
0.38095238095238093
0.7142857142857143
0.0
0.16666666666666666
0.2857142857142857
0.6666666666666666
0.5714285714285714
0.5
0.47619047619047616
0.6904761904761905
0.14285714285714285
0.3333333333333333
0.09523809523809523
0.38095238095238093
-0.14285714285714285
0.6428571428571429
0.40476190476190477
0.6190476190476191
0.30952380952380953
0.9047619047619048
-0.047619047619047616
0.11904761904761904
-0.38095238095238093
0.21428571428571427
0.42857142857142855
-0.023809523809523808
-0.23809523809523808
0.6666666666666666
0.47619047619047616
0.6666666666666666
0.6190476190476191
0.6666666666666666
0.0
0.3333333333333333
0.30952380952380953
0.6428571428571429
-0.14285714285714285
0.14285714285714285
0.14285714285714285
0.6666666666666666
0.09523809523809523
0.42857142857142855
0.38095238095238093
0.40476190476190477
-0.07142857142857142
0.21428571428571427
-0.11904761904761904
0.5
0.47619047619047616
0.40476190476190477
0.5238095238095238
0.6428571428571429
0.9047619047619048
0.5714285714285714
0.5714285714285714
0.047619047619047616
0.42857142857142855
0.23809523809523808
0.5714285714285714
0.5238095238095238
0.5
0.2619047619047619
0.9047619047619048
0.2857142857142857
0.23809523809523808
0.09523809523809523
0.2857142857142857
-0.047619047619047616
0.42857142857142855
0.40476190476190477
0.4523809523809524
0.16666666666666666
0.9761904761904762
0.2857142857142857
-0.047619047619047616
0.8333333333333334
0.42857142857142855
0.5238095238095238
0.14285714285714285
0.7619047619047619
0.19047619047619047
0.023809523809523808
0.14285714285714285
0.42857142857142855
0.30952380952380953
0.30952380952380953
0.5714285714285714
0.30952380952380953
0.0
0.38095238095238093
0.38095238095238093
0.5714285714285714
-0.23809523809523808
0.7619047619047619
0.5
0.6904761904761905
0.40476190476190477
0.5952380952380952
0.2857142857142857
0.2857142857142857
0.47619047619047616
0.6190476190476191
-0.21428571428571427
-0.047619047619047616
-0.19047619047619047
0.0
-0.19047619047619047
0.35714285714285715
0.16666666666666666
0.23809523809523808
0.19047619047619047
0.42857142857142855
-0.09523809523809523
0.07142857142857142
-0.21428571428571427
0.5238095238095238
-0.40476190476190477
-0.09523809523809523
0.19047619047619047
0.47619047619047616
-0.14285714285714285
0.47619047619047616
0.07142857142857142
0.8095238095238095
0.09523809523809523
0.42857142857142855
0.0
0.3333333333333333
0.21428571428571427
0.7142857142857143
0.2857142857142857
0.8809523809523809
0.5952380952380952
0.5238095238095238
0.30952380952380953
0.19047619047619047
-0.09523809523809523
0.14285714285714285
-0.23809523809523808
0.3333333333333333
-0.09523809523809523
0.5952380952380952
-0.07142857142857142
-0.07142857142857142
0.21428571428571427
0.40476190476190477
0.47619047619047616
0.35714285714285715
0.8571428571428571
0.23809523809523808
0.2857142857142857
0.35714285714285715
0.42857142857142855
0.40476190476190477
0.47619047619047616
0.7619047619047619
0.3333333333333333
0.09523809523809523
0.38095238095238093
0.42857142857142855
0.5952380952380952
-0.11904761904761904
0.8095238095238095
0.40476190476190477
0.7142857142857143
0.42857142857142855
0.5714285714285714
0.42857142857142855
0.2857142857142857
0.2857142857142857
0.09523809523809523
-0.023809523809523808
0.5714285714285714
0.5714285714285714
0.8809523809523809
0.5952380952380952
0.5714285714285714
0.4523809523809524
0.09523809523809523
0.09523809523809523
0.0
0.0
0.09523809523809523
0.23809523809523808
0.5476190476190477
0.2619047619047619
0.11904761904761904
0.5476190476190477
0.3333333333333333
0.47619047619047616
-0.16666666666666666
0.3333333333333333
-0.09523809523809523
0.5714285714285714
0.19047619047619047
0.30952380952380953
0.047619047619047616
0.8571428571428571
0.21428571428571427
0.3333333333333333
-0.07142857142857142
0.5238095238095238
-0.19047619047619047
0.38095238095238093
0.19047619047619047
0.47619047619047616
0.19047619047619047
0.9523809523809523
0.5952380952380952
0.5238095238095238
0.8095238095238095
0.6904761904761905
0.3333333333333333
0.5238095238095238
0.42857142857142855
0.38095238095238093
0.47619047619047616
0.42857142857142855
0.21428571428571427
0.5
-0.023809523809523808
0.42857142857142855
0.42857142857142855
0.4523809523809524
-0.047619047619047616
0.23809523809523808
0.47619047619047616
0.23809523809523808
0.47619047619047616
0.42857142857142855
0.5
0.40476190476190477
0.47619047619047616
0.5714285714285714
0.42857142857142855
0.38095238095238093
0.5476190476190477
0.5
0.42857142857142855
0.023809523809523808
0.9523809523809523
0.38095238095238093
0.6190476190476191
0.5714285714285714
0.6190476190476191
0.47619047619047616
0.5476190476190477
-0.14285714285714285
0.3333333333333333
0.14285714285714285
0.5714285714285714
-0.09523809523809523
-0.023809523809523808
-0.14285714285714285
0.8809523809523809
-0.047619047619047616
0.14285714285714285
0.09523809523809523
0.7619047619047619
-0.047619047619047616
-0.11904761904761904
-0.047619047619047616
0.38095238095238093
0.2857142857142857
0.23809523809523808
0.35714285714285715
0.2619047619047619
0.42857142857142855
0.42857142857142855
0.3333333333333333
0.5238095238095238
0.23809523809523808
0.19047619047619047
0.2857142857142857
0.35714285714285715
0.11904761904761904
0.07142857142857142
0.35714285714285715
0.3333333333333333
0.8095238095238095
0.5238095238095238
0.7142857142857143
0.047619047619047616
0.35714285714285715
0.14285714285714285
0.47619047619047616
-0.21428571428571427
0.4523809523809524
0.38095238095238093
0.5476190476190477
-0.047619047619047616
0.30952380952380953
0.09523809523809523
0.5
0.47619047619047616
0.2619047619047619
0.42857142857142855
0.2857142857142857
0.7142857142857143
-0.09523809523809523
0.2619047619047619
0.047619047619047616
0.47619047619047616
0.14285714285714285
0.2857142857142857
0.2857142857142857
0.5714285714285714
0.7619047619047619
0.7142857142857143
0.38095238095238093
0.2857142857142857
0.19047619047619047
0.2857142857142857
-0.09523809523809523
0.3333333333333333
0.3333333333333333
0.6666666666666666
0.19047619047619047
0.19047619047619047
0.38095238095238093
0.6190476190476191
0.5952380952380952
0.5952380952380952
0.5714285714285714
0.3333333333333333
0.38095238095238093
0.5238095238095238
0.47619047619047616
0.5476190476190477
0.30952380952380953
0.5
0.40476190476190477
0.07142857142857142
0.09523809523809523
0.19047619047619047
0.6190476190476191
0.30952380952380953
0.14285714285714285
0.5238095238095238
0.7142857142857143
0.42857142857142855
0.2857142857142857
0.19047619047619047
0.47619047619047616
0.3333333333333333
0.047619047619047616
0.38095238095238093
0.14285714285714285
0.3333333333333333
0.30952380952380953
0.35714285714285715
0.2619047619047619
0.8809523809523809
0.6190476190476191
0.2857142857142857
0.23809523809523808
0.47619047619047616
0.47619047619047616
0.19047619047619047
0.14285714285714285
0.7380952380952381
0.23809523809523808
0.16666666666666666
0.5714285714285714
0.30952380952380953
0.6428571428571429
0.09523809523809523
0.2857142857142857
0.6666666666666666
0.2857142857142857
0.23809523809523808
0.16666666666666666
0.42857142857142855
0.7619047619047619
0.23809523809523808
0.23809523809523808
0.047619047619047616
-0.023809523809523808
0.47619047619047616
0.21428571428571427
0.5238095238095238
0.47619047619047616
0.38095238095238093
0.09523809523809523
0.16666666666666666
-0.5714285714285714
0.47619047619047616
-0.14285714285714285
0.2857142857142857
0.5952380952380952
0.7619047619047619
0.5
0.2619047619047619
0.11904761904761904
0.30952380952380953
0.21428571428571427
0.5238095238095238
0.21428571428571427
