| raterId | randomModelId | groupId | ratingValue |
|     186 |             7 |       3 |       -0.13 |
|     186 |             8 |       3 |        0.08 |
|     186 |             9 |       3 |           0 |
|     186 |            10 |       3 |        0.26 |
|     186 |            12 |       3 |       -0.17 |
|     186 |            17 |       3 |        0.05 |
|     186 |            18 |       3 |       -0.06 |
|     186 |            21 |       3 |       -0.12 |
|     186 |            22 |       3 |       -0.21 |
|     186 |            23 |       3 |           0 |
|     186 |            25 |       3 |           0 |
|     186 |            26 |       3 |       -0.19 |
|     187 |             2 |       1 |        0.46 |
|     187 |             4 |       1 |        0.23 |
|     187 |             5 |       1 |       -0.31 |
|     187 |             9 |       1 |           0 |
|     187 |            13 |       1 |        0.38 |
|     187 |            14 |       1 |           0 |
|     187 |            16 |       1 |          -1 |
|     187 |            17 |       1 |        0.53 |
|     187 |            19 |       1 |           0 |
|     187 |            22 |       1 |       -0.47 |
|     187 |            23 |       1 |        0.75 |
|     187 |            27 |       1 |        0.32 |
|     188 |             3 |       2 |       -0.38 |
|     188 |             5 |       2 |        0.22 |
|     188 |             7 |       2 |       -0.42 |
|     188 |            11 |       2 |        0.22 |
|     188 |            12 |       2 |       -0.21 |
|     188 |            13 |       2 |        0.13 |
|     188 |            16 |       2 |       -0.57 |
|     188 |            18 |       2 |       -0.36 |
|     188 |            19 |       2 |        0.35 |
|     188 |            20 |       2 |       -0.14 |
|     188 |            21 |       2 |        0.26 |
|     188 |            24 |       2 |        0.18 |
|     189 |             7 |       3 |          -1 |
|     189 |             8 |       3 |       -0.84 |
|     189 |             9 |       3 |           0 |
|     189 |            10 |       3 |          -1 |
|     189 |            12 |       3 |       -0.82 |
|     189 |            17 |       3 |        0.38 |
|     189 |            18 |       3 |        0.75 |
|     189 |            21 |       3 |       -0.78 |
|     189 |            22 |       3 |        0.77 |
|     189 |            23 |       3 |       -0.82 |
|     189 |            25 |       3 |       -0.38 |
|     189 |            26 |       3 |          -1 |
|     190 |             3 |       2 |       -0.86 |
|     190 |             5 |       2 |       -0.08 |
|     190 |             7 |       2 |       -0.73 |
|     190 |            11 |       2 |       -0.55 |
|     190 |            12 |       2 |        0.05 |
|     190 |            13 |       2 |        0.29 |
|     190 |            16 |       2 |          -1 |
|     190 |            18 |       2 |        0.73 |
|     190 |            19 |       2 |       -0.82 |
|     190 |            20 |       2 |       -0.22 |
|     190 |            21 |       2 |       -0.91 |
|     190 |            24 |       2 |        0.31 |
|     191 |             3 |       2 |       -0.85 |
|     191 |             5 |       2 |       -0.41 |
|     191 |             7 |       2 |       -0.44 |
|     191 |            11 |       2 |        0.23 |
|     191 |            12 |       2 |       -0.26 |
|     191 |            13 |       2 |        0.27 |
|     191 |            16 |       2 |          -1 |
|     191 |            18 |       2 |        0.16 |
|     191 |            19 |       2 |       -0.47 |
|     191 |            20 |       2 |        0.14 |
|     191 |            21 |       2 |       -0.28 |
|     191 |            24 |       2 |        0.18 |
|     192 |             3 |       2 |       -0.82 |
|     192 |             5 |       2 |       -0.49 |
|     192 |             7 |       2 |          -1 |
|     192 |            11 |       2 |        0.31 |
|     192 |            12 |       2 |        0.74 |
|     192 |            13 |       2 |       -0.26 |
|     192 |            16 |       2 |          -1 |
|     192 |            18 |       2 |        0.71 |
|     192 |            19 |       2 |        0.28 |
|     192 |            20 |       2 |       -0.56 |
|     192 |            21 |       2 |        0.56 |
|     192 |            24 |       2 |        0.45 |
|     193 |             3 |       2 |          -1 |
|     193 |             5 |       2 |       -0.58 |
|     193 |             7 |       2 |       -0.72 |
|     193 |            11 |       2 |        0.16 |
|     193 |            12 |       2 |         0.3 |
|     193 |            13 |       2 |        0.86 |
|     193 |            16 |       2 |          -1 |
|     193 |            18 |       2 |       -0.16 |
|     193 |            19 |       2 |        0.16 |
|     193 |            20 |       2 |        0.16 |
|     193 |            21 |       2 |       -0.58 |
|     193 |            24 |       2 |       -0.49 |
|     194 |             2 |       4 |        0.16 |
|     194 |             3 |       4 |           0 |
|     194 |             4 |       4 |        0.36 |
|     194 |             8 |       4 |         0.3 |
|     194 |            10 |       4 |       -0.31 |
|     194 |            11 |       4 |        0.55 |
|     194 |            14 |       4 |         0.6 |
|     194 |            20 |       4 |       -0.51 |
|     194 |            24 |       4 |         0.1 |
|     194 |            25 |       4 |        0.32 |
|     194 |            26 |       4 |        0.16 |
|     194 |            27 |       4 |        0.48 |
|     195 |             2 |       4 |        0.31 |
|     195 |             3 |       4 |       -0.34 |
|     195 |             4 |       4 |       -0.29 |
|     195 |             8 |       4 |        0.16 |
|     195 |            10 |       4 |        0.22 |
|     195 |            11 |       4 |        0.18 |
|     195 |            14 |       4 |       -0.26 |
|     195 |            20 |       4 |        0.17 |
|     195 |            24 |       4 |        0.21 |
|     195 |            25 |       4 |        0.09 |
|     195 |            26 |       4 |        -0.3 |
|     195 |            27 |       4 |        0.32 |
|     196 |             2 |       4 |           0 |
|     196 |             3 |       4 |           0 |
|     196 |             4 |       4 |           0 |
|     196 |             8 |       4 |           0 |
|     196 |            10 |       4 |           0 |
|     196 |            11 |       4 |           0 |
|     196 |            14 |       4 |           0 |
|     196 |            20 |       4 |           0 |
|     196 |            24 |       4 |           0 |
|     196 |            25 |       4 |           0 |
|     196 |            26 |       4 |           0 |
|     196 |            27 |       4 |           0 |
|     197 |             2 |       4 |        0.98 |
|     197 |             3 |       4 |           0 |
|     197 |             4 |       4 |          -1 |
|     197 |             8 |       4 |        0.69 |
|     197 |            10 |       4 |           0 |
|     197 |            11 |       4 |        0.28 |
|     197 |            14 |       4 |        0.37 |
|     197 |            20 |       4 |       -0.51 |
|     197 |            24 |       4 |        0.46 |
|     197 |            25 |       4 |           0 |
|     197 |            26 |       4 |       -0.75 |
|     197 |            27 |       4 |       -0.72 |
|     198 |             2 |       4 |       -0.53 |
|     198 |             3 |       4 |          -1 |
|     198 |             4 |       4 |          -1 |
|     198 |             8 |       4 |         0.3 |
|     198 |            10 |       4 |       -0.49 |
|     198 |            11 |       4 |          -1 |
|     198 |            14 |       4 |       -0.27 |
|     198 |            20 |       4 |          -1 |
|     198 |            24 |       4 |        0.34 |
|     198 |            25 |       4 |          -1 |
|     198 |            26 |       4 |          -1 |
|     198 |            27 |       4 |        0.31 |
|     199 |             2 |       4 |       -0.29 |
|     199 |             3 |       4 |        -0.7 |
|     199 |             4 |       4 |       -0.61 |
|     199 |             8 |       4 |        0.43 |
|     199 |            10 |       4 |       -0.76 |
|     199 |            11 |       4 |       -0.22 |
|     199 |            14 |       4 |        0.09 |
|     199 |            20 |       4 |       -0.62 |
|     199 |            24 |       4 |        0.44 |
|     199 |            25 |       4 |        0.31 |
|     199 |            26 |       4 |       -0.84 |
|     199 |            27 |       4 |       -0.38 |
|     200 |             2 |       4 |        0.21 |
|     200 |             3 |       4 |       -0.56 |
|     200 |             4 |       4 |       -0.65 |
|     200 |             8 |       4 |       -0.22 |
|     200 |            10 |       4 |        -0.4 |
|     200 |            11 |       4 |       -0.27 |
|     200 |            14 |       4 |       -0.25 |
|     200 |            20 |       4 |       -0.13 |
|     200 |            24 |       4 |       -0.18 |
|     200 |            25 |       4 |        0.68 |
|     200 |            26 |       4 |       -0.55 |
|     200 |            27 |       4 |        0.18 |
|     201 |             2 |       4 |        0.23 |
|     201 |             3 |       4 |       -0.19 |
|     201 |             4 |       4 |       -0.34 |
|     201 |             8 |       4 |        0.06 |
|     201 |            10 |       4 |        0.13 |
|     201 |            11 |       4 |        0.21 |
|     201 |            14 |       4 |       -0.47 |
|     201 |            20 |       4 |           0 |
|     201 |            24 |       4 |       -0.51 |
|     201 |            25 |       4 |        0.22 |
|     201 |            26 |       4 |       -0.54 |
|     201 |            27 |       4 |        0.08 |
|     202 |             2 |       4 |        0.35 |
|     202 |             3 |       4 |          -1 |
|     202 |             4 |       4 |       -0.67 |
|     202 |             8 |       4 |        0.16 |
|     202 |            10 |       4 |       -0.95 |
|     202 |            11 |       4 |       -0.07 |
|     202 |            14 |       4 |          -1 |
|     202 |            20 |       4 |       -0.44 |
|     202 |            24 |       4 |       -0.53 |
|     202 |            25 |       4 |        0.12 |
|     202 |            26 |       4 |          -1 |
|     202 |            27 |       4 |        0.08 |
|     203 |             2 |       4 |        0.29 |
|     203 |             3 |       4 |          -1 |
|     203 |             4 |       4 |        -0.9 |
|     203 |             8 |       4 |        0.83 |
|     203 |            10 |       4 |       -0.75 |
|     203 |            11 |       4 |       -0.33 |
|     203 |            14 |       4 |       -0.88 |
|     203 |            20 |       4 |           0 |
|     203 |            24 |       4 |        0.24 |
|     203 |            25 |       4 |        0.34 |
|     203 |            26 |       4 |          -1 |
|     203 |            27 |       4 |       -0.44 |
|     204 |             2 |       1 |        0.05 |
|     204 |             4 |       1 |       -0.48 |
|     204 |             5 |       1 |       -0.07 |
|     204 |             9 |       1 |         0.2 |
|     204 |            13 |       1 |        0.19 |
|     204 |            14 |       1 |       -0.07 |
|     204 |            16 |       1 |          -1 |
|     204 |            17 |       1 |        0.15 |
|     204 |            19 |       1 |         0.2 |
|     204 |            22 |       1 |       -0.12 |
|     204 |            23 |       1 |        -0.2 |
|     204 |            27 |       1 |        0.32 |
|     205 |             2 |       1 |           1 |
|     205 |             4 |       1 |       -0.31 |
|     205 |             5 |       1 |       -0.88 |
|     205 |             9 |       1 |        0.45 |
|     205 |            13 |       1 |       -0.23 |
|     205 |            14 |       1 |          -1 |
|     205 |            16 |       1 |          -1 |
|     205 |            17 |       1 |       -0.49 |
|     205 |            19 |       1 |       -0.54 |
|     205 |            22 |       1 |         0.5 |
|     205 |            23 |       1 |        0.42 |
|     205 |            27 |       1 |       -0.36 |
|     206 |             2 |       1 |        0.73 |
|     206 |             4 |       1 |          -1 |
|     206 |             5 |       1 |       -0.62 |
|     206 |             9 |       1 |       -0.58 |
|     206 |            13 |       1 |       -0.44 |
|     206 |            14 |       1 |       -0.56 |
|     206 |            16 |       1 |          -1 |
|     206 |            17 |       1 |       -0.38 |
|     206 |            19 |       1 |          -1 |
|     206 |            22 |       1 |       -0.45 |
|     206 |            23 |       1 |       -0.55 |
|     206 |            27 |       1 |         0.6 |
|     207 |             2 |       1 |        0.45 |
|     207 |             4 |       1 |       -0.81 |
|     207 |             5 |       1 |        0.17 |
|     207 |             9 |       1 |       -0.25 |
|     207 |            13 |       1 |        0.37 |
|     207 |            14 |       1 |       -0.38 |
|     207 |            16 |       1 |       -0.69 |
|     207 |            17 |       1 |       -0.51 |
|     207 |            19 |       1 |       -0.64 |
|     207 |            22 |       1 |       -0.84 |
|     207 |            23 |       1 |       -0.84 |
|     207 |            27 |       1 |       -0.47 |
|     208 |             2 |       1 |           1 |
|     208 |             4 |       1 |          -1 |
|     208 |             5 |       1 |          -1 |
|     208 |             9 |       1 |        0.27 |
|     208 |            13 |       1 |          -1 |
|     208 |            14 |       1 |        0.04 |
|     208 |            16 |       1 |          -1 |
|     208 |            17 |       1 |        0.03 |
|     208 |            19 |       1 |       -0.48 |
|     208 |            22 |       1 |       -0.62 |
|     208 |            23 |       1 |          -1 |
|     208 |            27 |       1 |       -0.18 |
|     209 |             2 |       1 |        0.23 |
|     209 |             4 |       1 |       -0.19 |
|     209 |             5 |       1 |        -0.3 |
|     209 |             9 |       1 |        0.25 |
|     209 |            13 |       1 |        0.22 |
|     209 |            14 |       1 |       -0.26 |
|     209 |            16 |       1 |       -0.77 |
|     209 |            17 |       1 |        0.47 |
|     209 |            19 |       1 |       -0.26 |
|     209 |            22 |       1 |        0.27 |
|     209 |            23 |       1 |        0.26 |
|     209 |            27 |       1 |         0.3 |
|     210 |             2 |       1 |        0.57 |
|     210 |             4 |       1 |       -0.78 |
|     210 |             5 |       1 |        0.38 |
|     210 |             9 |       1 |       -0.16 |
|     210 |            13 |       1 |        0.37 |
|     210 |            14 |       1 |       -0.51 |
|     210 |            16 |       1 |          -1 |
|     210 |            17 |       1 |       -0.14 |
|     210 |            19 |       1 |         0.2 |
|     210 |            22 |       1 |       -0.42 |
|     210 |            23 |       1 |       -0.39 |
|     210 |            27 |       1 |       -0.34 |
|     211 |             2 |       1 |           1 |
|     211 |             4 |       1 |       -0.26 |
|     211 |             5 |       1 |       -0.69 |
|     211 |             9 |       1 |           1 |
|     211 |            13 |       1 |           1 |
|     211 |            14 |       1 |       -0.19 |
|     211 |            16 |       1 |          -1 |
|     211 |            17 |       1 |        0.74 |
|     211 |            19 |       1 |        0.62 |
|     211 |            22 |       1 |          -1 |
|     211 |            23 |       1 |           1 |
|     211 |            27 |       1 |        0.64 |
|     212 |             2 |       1 |           0 |
|     212 |             4 |       1 |       -0.71 |
|     212 |             5 |       1 |       -0.14 |
|     212 |             9 |       1 |        0.29 |
|     212 |            13 |       1 |           0 |
|     212 |            14 |       1 |       -0.49 |
|     212 |            16 |       1 |       -0.68 |
|     212 |            17 |       1 |        0.27 |
|     212 |            19 |       1 |        -0.4 |
|     212 |            22 |       1 |           0 |
|     212 |            23 |       1 |           0 |
|     212 |            27 |       1 |       -0.18 |
|     213 |             2 |       1 |        0.81 |
|     213 |             4 |       1 |       -0.99 |
|     213 |             5 |       1 |       -0.93 |
|     213 |             9 |       1 |        0.54 |
|     213 |            13 |       1 |        0.32 |
|     213 |            14 |       1 |       -0.93 |
|     213 |            16 |       1 |          -1 |
|     213 |            17 |       1 |        0.66 |
|     213 |            19 |       1 |        0.19 |
|     213 |            22 |       1 |        0.66 |
|     213 |            23 |       1 |        0.12 |
|     213 |            27 |       1 |        -0.4 |
|     214 |             2 |       1 |        0.36 |
|     214 |             4 |       1 |          -1 |
|     214 |             5 |       1 |       -0.95 |
|     214 |             9 |       1 |        0.14 |
|     214 |            13 |       1 |        0.23 |
|     214 |            14 |       1 |          -1 |
|     214 |            16 |       1 |          -1 |
|     214 |            17 |       1 |       -0.18 |
|     214 |            19 |       1 |       -0.85 |
|     214 |            22 |       1 |       -0.65 |
|     214 |            23 |       1 |       -0.58 |
|     214 |            27 |       1 |        0.33 |
|     215 |             2 |       1 |        0.26 |
|     215 |             4 |       1 |       -0.44 |
|     215 |             5 |       1 |       -0.54 |
|     215 |             9 |       1 |        0.63 |
|     215 |            13 |       1 |        0.47 |
|     215 |            14 |       1 |       -0.31 |
|     215 |            16 |       1 |          -1 |
|     215 |            17 |       1 |        0.63 |
|     215 |            19 |       1 |       -0.41 |
|     215 |            22 |       1 |        -0.8 |
|     215 |            23 |       1 |       -0.44 |
|     215 |            27 |       1 |        0.55 |
|     216 |             7 |       3 |          -1 |
|     216 |             8 |       3 |        0.75 |
|     216 |             9 |       3 |        0.17 |
|     216 |            10 |       3 |        0.17 |
|     216 |            12 |       3 |       -0.43 |
|     216 |            17 |       3 |        0.18 |
|     216 |            18 |       3 |       -0.58 |
|     216 |            21 |       3 |        0.29 |
|     216 |            22 |       3 |       -0.34 |
|     216 |            23 |       3 |        0.18 |
|     216 |            25 |       3 |         0.1 |
|     216 |            26 |       3 |        -0.6 |
|     217 |             2 |       1 |        0.08 |
|     217 |             4 |       1 |       -0.57 |
|     217 |             5 |       1 |       -0.08 |
|     217 |             9 |       1 |         0.1 |
|     217 |            13 |       1 |        0.08 |
|     217 |            14 |       1 |       -0.12 |
|     217 |            16 |       1 |       -0.74 |
|     217 |            17 |       1 |       -0.08 |
|     217 |            19 |       1 |       -0.26 |
|     217 |            22 |       1 |       -0.04 |
|     217 |            23 |       1 |       -0.12 |
|     217 |            27 |       1 |       -0.14 |
|     218 |             2 |       1 |        0.22 |
|     218 |             4 |       1 |       -0.75 |
|     218 |             5 |       1 |       -0.91 |
|     218 |             9 |       1 |        0.21 |
|     218 |            13 |       1 |        0.14 |
|     218 |            14 |       1 |       -0.55 |
|     218 |            16 |       1 |          -1 |
|     218 |            17 |       1 |       -0.22 |
|     218 |            19 |       1 |       -0.47 |
|     218 |            22 |       1 |       -0.27 |
|     218 |            23 |       1 |        -0.7 |
|     218 |            27 |       1 |       -0.96 |
|     219 |             2 |       1 |        0.09 |
|     219 |             4 |       1 |          -1 |
|     219 |             5 |       1 |       -0.18 |
|     219 |             9 |       1 |        0.13 |
|     219 |            13 |       1 |        0.06 |
|     219 |            14 |       1 |       -0.76 |
|     219 |            16 |       1 |          -1 |
|     219 |            17 |       1 |       -0.17 |
|     219 |            19 |       1 |       -0.27 |
|     219 |            22 |       1 |           0 |
|     219 |            23 |       1 |        0.18 |
|     219 |            27 |       1 |        -0.8 |
|     220 |             2 |       1 |        0.77 |
|     220 |             4 |       1 |       -0.55 |
|     220 |             5 |       1 |       -0.21 |
|     220 |             9 |       1 |           0 |
|     220 |            13 |       1 |        0.21 |
|     220 |            14 |       1 |       -0.52 |
|     220 |            16 |       1 |        -0.9 |
|     220 |            17 |       1 |         0.1 |
|     220 |            19 |       1 |           0 |
|     220 |            22 |       1 |        0.42 |
|     220 |            23 |       1 |       -0.16 |
|     220 |            27 |       1 |        -0.3 |
|     221 |             7 |       3 |       -0.46 |
|     221 |             8 |       3 |        0.33 |
|     221 |             9 |       3 |        0.32 |
|     221 |            10 |       3 |       -0.58 |
|     221 |            12 |       3 |       -0.54 |
|     221 |            17 |       3 |        0.08 |
|     221 |            18 |       3 |       -0.24 |
|     221 |            21 |       3 |       -0.69 |
|     221 |            22 |       3 |        0.21 |
|     221 |            23 |       3 |       -0.58 |
|     221 |            25 |       3 |       -0.67 |
|     221 |            26 |       3 |       -0.23 |
|     222 |             7 |       3 |        -0.5 |
|     222 |             8 |       3 |        0.56 |
|     222 |             9 |       3 |           0 |
|     222 |            10 |       3 |       -0.19 |
|     222 |            12 |       3 |       -0.19 |
|     222 |            17 |       3 |        0.29 |
|     222 |            18 |       3 |           0 |
|     222 |            21 |       3 |           0 |
|     222 |            22 |       3 |       -0.58 |
|     222 |            23 |       3 |           0 |
|     222 |            25 |       3 |       -0.44 |
|     222 |            26 |       3 |       -0.43 |
|     223 |             7 |       3 |       -0.41 |
|     223 |             8 |       3 |        0.54 |
|     223 |             9 |       3 |        0.28 |
|     223 |            10 |       3 |       -0.34 |
|     223 |            12 |       3 |       -0.24 |
|     223 |            17 |       3 |        0.11 |
|     223 |            18 |       3 |        0.41 |
|     223 |            21 |       3 |       -0.33 |
|     223 |            22 |       3 |        0.21 |
|     223 |            23 |       3 |       -0.32 |
|     223 |            25 |       3 |        0.36 |
|     223 |            26 |       3 |        0.28 |
|     224 |             7 |       3 |          -1 |
|     224 |             8 |       3 |       -0.71 |
|     224 |             9 |       3 |          -1 |
|     224 |            10 |       3 |       -0.04 |
|     224 |            12 |       3 |       -0.69 |
|     224 |            17 |       3 |       -0.49 |
|     224 |            18 |       3 |       -0.53 |
|     224 |            21 |       3 |       -0.71 |
|     224 |            22 |       3 |          -1 |
|     224 |            23 |       3 |          -1 |
|     224 |            25 |       3 |       -0.65 |
|     224 |            26 |       3 |          -1 |
|     225 |             7 |       3 |       -0.64 |
|     225 |             8 |       3 |        0.36 |
|     225 |             9 |       3 |        0.52 |
|     225 |            10 |       3 |       -0.51 |
|     225 |            12 |       3 |        0.14 |
|     225 |            17 |       3 |         0.4 |
|     225 |            18 |       3 |        0.29 |
|     225 |            21 |       3 |       -0.26 |
|     225 |            22 |       3 |        -0.4 |
|     225 |            23 |       3 |        0.26 |
|     225 |            25 |       3 |        0.34 |
|     225 |            26 |       3 |       -0.19 |
|     226 |             7 |       3 |       -0.51 |
|     226 |             8 |       3 |        0.22 |
|     226 |             9 |       3 |        0.73 |
|     226 |            10 |       3 |       -0.62 |
|     226 |            12 |       3 |        0.35 |
|     226 |            17 |       3 |        0.21 |
|     226 |            18 |       3 |           0 |
|     226 |            21 |       3 |        0.57 |
|     226 |            22 |       3 |       -0.22 |
|     226 |            23 |       3 |       -0.45 |
|     226 |            25 |       3 |       -0.09 |
|     226 |            26 |       3 |       -0.73 |
|     227 |             7 |       3 |       -0.62 |
|     227 |             8 |       3 |        0.45 |
|     227 |             9 |       3 |           0 |
|     227 |            10 |       3 |           0 |
|     227 |            12 |       3 |        0.56 |
|     227 |            17 |       3 |           0 |
|     227 |            18 |       3 |       -0.26 |
|     227 |            21 |       3 |       -0.34 |
|     227 |            22 |       3 |       -0.29 |
|     227 |            23 |       3 |       -0.61 |
|     227 |            25 |       3 |        0.49 |
|     227 |            26 |       3 |        0.47 |
|     228 |             3 |       2 |          -1 |
|     228 |             5 |       2 |          -1 |
|     228 |             7 |       2 |          -1 |
|     228 |            11 |       2 |       -0.51 |
|     228 |            12 |       2 |          -1 |
|     228 |            13 |       2 |       -0.83 |
|     228 |            16 |       2 |          -1 |
|     228 |            18 |       2 |       -0.69 |
|     228 |            19 |       2 |          -1 |
|     228 |            20 |       2 |       -0.77 |
|     228 |            21 |       2 |       -0.76 |
|     228 |            24 |       2 |        -0.8 |
|     229 |             7 |       3 |           0 |
|     229 |             8 |       3 |           0 |
|     229 |             9 |       3 |           0 |
|     229 |            10 |       3 |           0 |
|     229 |            12 |       3 |           0 |
|     229 |            17 |       3 |           0 |
|     229 |            18 |       3 |           0 |
|     229 |            21 |       3 |           0 |
|     229 |            22 |       3 |           0 |
|     229 |            23 |       3 |           0 |
|     229 |            25 |       3 |           0 |
|     229 |            26 |       3 |           0 |
|     230 |             3 |       2 |       -0.68 |
|     230 |             5 |       2 |       -0.75 |
|     230 |             7 |       2 |          -1 |
|     230 |            11 |       2 |           1 |
|     230 |            12 |       2 |       -0.36 |
|     230 |            13 |       2 |        0.27 |
|     230 |            16 |       2 |          -1 |
|     230 |            18 |       2 |        0.75 |
|     230 |            19 |       2 |        0.77 |
|     230 |            20 |       2 |       -0.75 |
|     230 |            21 |       2 |       -0.64 |
|     230 |            24 |       2 |        0.62 |
|     231 |             3 |       2 |       -0.61 |
|     231 |             5 |       2 |        0.58 |
|     231 |             7 |       2 |        -0.6 |
|     231 |            11 |       2 |        0.68 |
|     231 |            12 |       2 |        0.21 |
|     231 |            13 |       2 |       -0.66 |
|     231 |            16 |       2 |       -0.78 |
|     231 |            18 |       2 |        0.21 |
|     231 |            19 |       2 |       -0.74 |
|     231 |            20 |       2 |        0.38 |
|     231 |            21 |       2 |        0.49 |
|     231 |            24 |       2 |        0.69 |
|     232 |             7 |       3 |       -0.53 |
|     232 |             8 |       3 |       -0.12 |
|     232 |             9 |       3 |        0.47 |
|     232 |            10 |       3 |       -0.71 |
|     232 |            12 |       3 |        0.13 |
|     232 |            17 |       3 |        0.25 |
|     232 |            18 |       3 |       -0.38 |
|     232 |            21 |       3 |       -0.38 |
|     232 |            22 |       3 |       -0.21 |
|     232 |            23 |       3 |           0 |
|     232 |            25 |       3 |         0.1 |
|     232 |            26 |       3 |        0.36 |
|     233 |             3 |       2 |       -0.62 |
|     233 |             5 |       2 |       -0.49 |
|     233 |             7 |       2 |       -0.58 |
|     233 |            11 |       2 |         0.1 |
|     233 |            12 |       2 |        0.12 |
|     233 |            13 |       2 |        0.48 |
|     233 |            16 |       2 |        -0.9 |
|     233 |            18 |       2 |        0.05 |
|     233 |            19 |       2 |        -0.6 |
|     233 |            20 |       2 |       -0.66 |
|     233 |            21 |       2 |       -0.42 |
|     233 |            24 |       2 |           0 |
|     234 |             3 |       2 |       -0.59 |
|     234 |             5 |       2 |        0.36 |
|     234 |             7 |       2 |       -0.66 |
|     234 |            11 |       2 |        0.32 |
|     234 |            12 |       2 |       -0.31 |
|     234 |            13 |       2 |           0 |
|     234 |            16 |       2 |       -0.95 |
|     234 |            18 |       2 |        0.26 |
|     234 |            19 |       2 |           0 |
|     234 |            20 |       2 |       -0.33 |
|     234 |            21 |       2 |       -0.18 |
|     234 |            24 |       2 |       -0.36 |
|     235 |             7 |       3 |           0 |
|     235 |             8 |       3 |           0 |
|     235 |             9 |       3 |           0 |
|     235 |            10 |       3 |           0 |
|     235 |            12 |       3 |        0.01 |
|     235 |            17 |       3 |        0.22 |
|     235 |            18 |       3 |           0 |
|     235 |            21 |       3 |           0 |
|     235 |            22 |       3 |           0 |
|     235 |            23 |       3 |        0.17 |
|     235 |            25 |       3 |           0 |
|     235 |            26 |       3 |           0 |
|     236 |             2 |       4 |           0 |
|     236 |             3 |       4 |           0 |
|     236 |             4 |       4 |       -0.43 |
|     236 |             8 |       4 |           0 |
|     236 |            10 |       4 |           0 |
|     236 |            11 |       4 |           0 |
|     236 |            14 |       4 |           0 |
|     236 |            20 |       4 |           0 |
|     236 |            24 |       4 |       -0.19 |
|     236 |            25 |       4 |           0 |
|     236 |            26 |       4 |           0 |
|     236 |            27 |       4 |           0 |
|     237 |             3 |       2 |           0 |
|     237 |             5 |       2 |           0 |
|     237 |             7 |       2 |       -0.45 |
|     237 |            11 |       2 |       -0.22 |
|     237 |            12 |       2 |       -0.32 |
|     237 |            13 |       2 |        0.27 |
|     237 |            16 |       2 |       -0.56 |
|     237 |            18 |       2 |        0.16 |
|     237 |            19 |       2 |       -0.34 |
|     237 |            20 |       2 |           0 |
|     237 |            21 |       2 |        0.14 |
|     237 |            24 |       2 |        0.36 |
|     238 |             3 |       2 |       -0.34 |
|     238 |             5 |       2 |        0.37 |
|     238 |             7 |       2 |       -0.76 |
|     238 |            11 |       2 |           0 |
|     238 |            12 |       2 |        -0.6 |
|     238 |            13 |       2 |        0.15 |
|     238 |            16 |       2 |          -1 |
|     238 |            18 |       2 |        0.44 |
|     238 |            19 |       2 |       -0.52 |
|     238 |            20 |       2 |           0 |
|     238 |            21 |       2 |        0.47 |
|     238 |            24 |       2 |         0.6 |
|     239 |             2 |       4 |        0.65 |
|     239 |             3 |       4 |       -0.53 |
|     239 |             4 |       4 |       -0.36 |
|     239 |             8 |       4 |           0 |
|     239 |            10 |       4 |       -0.38 |
|     239 |            11 |       4 |        0.51 |
|     239 |            14 |       4 |       -0.65 |
|     239 |            20 |       4 |        0.36 |
|     239 |            24 |       4 |        0.62 |
|     239 |            25 |       4 |           0 |
|     239 |            26 |       4 |        -0.6 |
|     239 |            27 |       4 |       -0.35 |
|     240 |             3 |       2 |          -1 |
|     240 |             5 |       2 |       -0.56 |
|     240 |             7 |       2 |       -0.97 |
|     240 |            11 |       2 |       -0.52 |
|     240 |            12 |       2 |       -0.42 |
|     240 |            13 |       2 |        0.62 |
|     240 |            16 |       2 |          -1 |
|     240 |            18 |       2 |        0.38 |
|     240 |            19 |       2 |       -0.56 |
|     240 |            20 |       2 |       -0.64 |
|     240 |            21 |       2 |       -0.64 |
|     240 |            24 |       2 |       -0.86 |
|     241 |             3 |       2 |       -0.99 |
|     241 |             5 |       2 |        0.19 |
|     241 |             7 |       2 |        -0.4 |
|     241 |            11 |       2 |        0.69 |
|     241 |            12 |       2 |        -0.3 |
|     241 |            13 |       2 |        0.42 |
|     241 |            16 |       2 |       -0.55 |
|     241 |            18 |       2 |         0.4 |
|     241 |            19 |       2 |        0.29 |
|     241 |            20 |       2 |       -0.36 |
|     241 |            21 |       2 |        0.34 |
|     241 |            24 |       2 |        0.56 |
|     242 |             3 |       2 |          -1 |
|     242 |             5 |       2 |       -0.25 |
|     242 |             7 |       2 |          -1 |
|     242 |            11 |       2 |       -0.22 |
|     242 |            12 |       2 |        0.62 |
|     242 |            13 |       2 |       -0.44 |
|     242 |            16 |       2 |          -1 |
|     242 |            18 |       2 |        0.52 |
|     242 |            19 |       2 |        0.36 |
|     242 |            20 |       2 |       -0.35 |
|     242 |            21 |       2 |        0.47 |
|     242 |            24 |       2 |           0 |
|     243 |             3 |       2 |       -0.71 |
|     243 |             5 |       2 |        0.22 |
|     243 |             7 |       2 |       -0.76 |
|     243 |            11 |       2 |        0.25 |
|     243 |            12 |       2 |       -0.61 |
|     243 |            13 |       2 |        0.03 |
|     243 |            16 |       2 |       -0.71 |
|     243 |            18 |       2 |        0.39 |
|     243 |            19 |       2 |        -0.3 |
|     243 |            20 |       2 |       -0.39 |
|     243 |            21 |       2 |       -0.69 |
|     243 |            24 |       2 |       -0.65 |
|     244 |             2 |       4 |        0.17 |
|     244 |             3 |       4 |       -0.19 |
|     244 |             4 |       4 |       -0.19 |
|     244 |             8 |       4 |        0.27 |
|     244 |            10 |       4 |       -0.16 |
|     244 |            11 |       4 |        0.09 |
|     244 |            14 |       4 |       -0.17 |
|     244 |            20 |       4 |       -0.34 |
|     244 |            24 |       4 |       -0.23 |
|     244 |            25 |       4 |       -0.39 |
|     244 |            26 |       4 |       -0.23 |
|     244 |            27 |       4 |        0.18 |
|     245 |             2 |       4 |        0.14 |
|     245 |             3 |       4 |       -0.97 |
|     245 |             4 |       4 |       -0.95 |
|     245 |             8 |       4 |        0.22 |
|     245 |            10 |       4 |       -0.84 |
|     245 |            11 |       4 |        0.27 |
|     245 |            14 |       4 |       -0.91 |
|     245 |            20 |       4 |       -0.19 |
|     245 |            24 |       4 |       -0.17 |
|     245 |            25 |       4 |        0.51 |
|     245 |            26 |       4 |       -0.36 |
|     245 |            27 |       4 |        0.17 |
|     246 |             3 |       2 |       -0.77 |
|     246 |             5 |       2 |        0.65 |
|     246 |             7 |       2 |       -0.47 |
|     246 |            11 |       2 |        0.75 |
|     246 |            12 |       2 |       -0.71 |
|     246 |            13 |       2 |        0.35 |
|     246 |            16 |       2 |          -1 |
|     246 |            18 |       2 |        0.49 |
|     246 |            19 |       2 |        0.68 |
|     246 |            20 |       2 |       -0.86 |
|     246 |            21 |       2 |       -0.53 |
|     246 |            24 |       2 |        0.68 |
|     247 |             2 |       4 |        0.38 |
|     247 |             3 |       4 |       -0.35 |
|     247 |             4 |       4 |        0.38 |
|     247 |             8 |       4 |        0.18 |
|     247 |            10 |       4 |       -0.19 |
|     247 |            11 |       4 |        0.69 |
|     247 |            14 |       4 |       -0.35 |
|     247 |            20 |       4 |        0.32 |
|     247 |            24 |       4 |         0.3 |
|     247 |            25 |       4 |        0.23 |
|     247 |            26 |       4 |        0.45 |
|     247 |            27 |       4 |        0.45 |
|     248 |             2 |       4 |        0.21 |
|     248 |             3 |       4 |       -0.22 |
|     248 |             4 |       4 |       -0.44 |
|     248 |             8 |       4 |        0.38 |
|     248 |            10 |       4 |       -0.86 |
|     248 |            11 |       4 |           0 |
|     248 |            14 |       4 |       -0.55 |
|     248 |            20 |       4 |       -0.16 |
|     248 |            24 |       4 |       -0.16 |
|     248 |            25 |       4 |        0.19 |
|     248 |            26 |       4 |       -0.56 |
|     248 |            27 |       4 |        0.45 |
|     249 |             2 |       4 |        0.25 |
|     249 |             3 |       4 |       -0.47 |
|     249 |             4 |       4 |       -0.66 |
|     249 |             8 |       4 |         0.3 |
|     249 |            10 |       4 |          -1 |
|     249 |            11 |       4 |        0.19 |
|     249 |            14 |       4 |       -0.38 |
|     249 |            20 |       4 |           0 |
|     249 |            24 |       4 |       -0.42 |
|     249 |            25 |       4 |        0.65 |
|     249 |            26 |       4 |           0 |
|     249 |            27 |       4 |        0.43 |
|     250 |             3 |       2 |       -0.32 |
|     250 |             5 |       2 |        0.17 |
|     250 |             7 |       2 |       -0.23 |
|     250 |            11 |       2 |        0.18 |
|     250 |            12 |       2 |       -0.26 |
|     250 |            13 |       2 |        -0.1 |
|     250 |            16 |       2 |       -0.55 |
|     250 |            18 |       2 |        0.29 |
|     250 |            19 |       2 |       -0.23 |
|     250 |            20 |       2 |        0.01 |
|     250 |            21 |       2 |        0.19 |
|     250 |            24 |       2 |       -0.13 |
|     251 |             2 |       4 |        0.31 |
|     251 |             3 |       4 |       -0.69 |
|     251 |             4 |       4 |       -0.32 |
|     251 |             8 |       4 |        0.48 |
|     251 |            10 |       4 |       -0.47 |
|     251 |            11 |       4 |       -0.14 |
|     251 |            14 |       4 |       -0.16 |
|     251 |            20 |       4 |        -0.1 |
|     251 |            24 |       4 |       -0.19 |
|     251 |            25 |       4 |        0.17 |
|     251 |            26 |       4 |       -0.61 |
|     251 |            27 |       4 |       -0.13 |
|     252 |             2 |       4 |        0.62 |
|     252 |             3 |       4 |       -0.87 |
|     252 |             4 |       4 |       -0.91 |
|     252 |             8 |       4 |       -0.01 |
|     252 |            10 |       4 |       -0.43 |
|     252 |            11 |       4 |       -0.34 |
|     252 |            14 |       4 |        0.36 |
|     252 |            20 |       4 |           0 |
|     252 |            24 |       4 |       -0.17 |
|     252 |            25 |       4 |        -0.7 |
|     252 |            26 |       4 |       -0.87 |
|     252 |            27 |       4 |        0.17 |
|     253 |             7 |       3 |           0 |
|     253 |             8 |       3 |        0.71 |
|     253 |             9 |       3 |        0.65 |
|     253 |            10 |       3 |       -0.39 |
|     253 |            12 |       3 |        0.24 |
|     253 |            17 |       3 |        0.45 |
|     253 |            18 |       3 |       -0.26 |
|     253 |            21 |       3 |       -0.26 |
|     253 |            22 |       3 |        0.24 |
|     253 |            23 |       3 |        0.13 |
|     253 |            25 |       3 |         0.5 |
|     253 |            26 |       3 |        0.55 |
|     254 |             7 |       3 |        0.36 |
|     254 |             8 |       3 |         0.5 |
|     254 |             9 |       3 |        0.54 |
|     254 |            10 |       3 |        0.26 |
|     254 |            12 |       3 |         0.6 |
|     254 |            17 |       3 |        0.54 |
|     254 |            18 |       3 |        0.52 |
|     254 |            21 |       3 |         0.3 |
|     254 |            22 |       3 |        0.33 |
|     254 |            23 |       3 |        0.52 |
|     254 |            25 |       3 |         0.4 |
|     254 |            26 |       3 |        0.21 |
|     255 |             7 |       3 |       -0.33 |
|     255 |             8 |       3 |       -0.22 |
|     255 |             9 |       3 |        0.17 |
|     255 |            10 |       3 |           0 |
|     255 |            12 |       3 |        0.17 |
|     255 |            17 |       3 |         0.5 |
|     255 |            18 |       3 |           0 |
|     255 |            21 |       3 |       -0.21 |
|     255 |            22 |       3 |       -0.44 |
|     255 |            23 |       3 |       -0.43 |
|     255 |            25 |       3 |        0.15 |
|     255 |            26 |       3 |       -0.43 |
|     256 |             7 |       3 |       -0.32 |
|     256 |             8 |       3 |        0.62 |
|     256 |             9 |       3 |           1 |
|     256 |            10 |       3 |        0.46 |
|     256 |            12 |       3 |        0.68 |
|     256 |            17 |       3 |        0.77 |
|     256 |            18 |       3 |        0.72 |
|     256 |            21 |       3 |       -0.39 |
|     256 |            22 |       3 |        0.52 |
|     256 |            23 |       3 |        0.21 |
|     256 |            25 |       3 |        0.47 |
|     256 |            26 |       3 |        -0.8 |
|     257 |             2 |       1 |           1 |
|     257 |             4 |       1 |           1 |
|     257 |             5 |       1 |           1 |
|     257 |             9 |       1 |           1 |
|     257 |            13 |       1 |           0 |
|     257 |            14 |       1 |           1 |
|     257 |            16 |       1 |        0.57 |
|     257 |            17 |       1 |        0.39 |
|     257 |            19 |       1 |           1 |
|     257 |            22 |       1 |        0.81 |
|     257 |            23 |       1 |           1 |
|     257 |            27 |       1 |           1 |
|     258 |             7 |       3 |       -0.37 |
|     258 |             8 |       3 |        0.44 |
|     258 |             9 |       3 |         0.5 |
|     258 |            10 |       3 |        0.52 |
|     258 |            12 |       3 |           0 |
|     258 |            17 |       3 |        0.57 |
|     258 |            18 |       3 |        0.36 |
|     258 |            21 |       3 |           0 |
|     258 |            22 |       3 |           0 |
|     258 |            23 |       3 |        0.49 |
|     258 |            25 |       3 |        0.63 |
|     258 |            26 |       3 |        0.63 |
|     259 |             7 |       3 |        0.22 |
|     259 |             8 |       3 |        0.87 |
|     259 |             9 |       3 |        0.42 |
|     259 |            10 |       3 |        0.35 |
|     259 |            12 |       3 |        0.19 |
|     259 |            17 |       3 |        0.64 |
|     259 |            18 |       3 |        0.49 |
|     259 |            21 |       3 |        0.29 |
|     259 |            22 |       3 |        0.51 |
|     259 |            23 |       3 |        0.77 |
|     259 |            25 |       3 |        0.66 |
|     259 |            26 |       3 |           0 |
|     260 |             3 |       2 |       -0.39 |
|     260 |             5 |       2 |           0 |
|     260 |             7 |       2 |       -0.25 |
|     260 |            11 |       2 |           0 |
|     260 |            12 |       2 |        0.38 |
|     260 |            13 |       2 |        0.32 |
|     260 |            16 |       2 |        0.01 |
|     260 |            18 |       2 |        0.48 |
|     260 |            19 |       2 |        0.58 |
|     260 |            20 |       2 |           0 |
|     260 |            21 |       2 |        0.01 |
|     260 |            24 |       2 |         0.6 |
|     261 |             2 |       1 |       -0.34 |
|     261 |             4 |       1 |          -1 |
|     261 |             5 |       1 |       -0.51 |
|     261 |             9 |       1 |           0 |
|     261 |            13 |       1 |        0.17 |
|     261 |            14 |       1 |           0 |
|     261 |            16 |       1 |          -1 |
|     261 |            17 |       1 |        0.08 |
|     261 |            19 |       1 |        0.14 |
|     261 |            22 |       1 |           0 |
|     261 |            23 |       1 |           0 |
|     261 |            27 |       1 |        0.17 |
|     262 |             2 |       1 |         0.4 |
|     262 |             4 |       1 |       -0.68 |
|     262 |             5 |       1 |           0 |
|     262 |             9 |       1 |           0 |
|     262 |            13 |       1 |        0.39 |
|     262 |            14 |       1 |       -0.57 |
|     262 |            16 |       1 |       -0.68 |
|     262 |            17 |       1 |        0.29 |
|     262 |            19 |       1 |        -0.3 |
|     262 |            22 |       1 |           0 |
|     262 |            23 |       1 |        0.49 |
|     262 |            27 |       1 |       -0.09 |
|     263 |             2 |       1 |        0.51 |
|     263 |             4 |       1 |          -1 |
|     263 |             5 |       1 |       -0.36 |
|     263 |             9 |       1 |        0.69 |
|     263 |            13 |       1 |          -1 |
|     263 |            14 |       1 |          -1 |
|     263 |            16 |       1 |          -1 |
|     263 |            17 |       1 |          -1 |
|     263 |            19 |       1 |          -1 |
|     263 |            22 |       1 |        0.23 |
|     263 |            23 |       1 |          -1 |
|     263 |            27 |       1 |       -0.56 |
|     264 |             7 |       3 |       -0.62 |
|     264 |             8 |       3 |        0.75 |
|     264 |             9 |       3 |       -0.47 |
|     264 |            10 |       3 |       -0.65 |
|     264 |            12 |       3 |        0.25 |
|     264 |            17 |       3 |        0.12 |
|     264 |            18 |       3 |       -0.13 |
|     264 |            21 |       3 |       -0.26 |
|     264 |            22 |       3 |        -0.6 |
|     264 |            23 |       3 |       -0.32 |
|     264 |            25 |       3 |       -0.32 |
|     264 |            26 |       3 |       -0.68 |
|     265 |             3 |       2 |       -0.83 |
|     265 |             5 |       2 |        -0.7 |
|     265 |             7 |       2 |          -1 |
|     265 |            11 |       2 |       -0.58 |
|     265 |            12 |       2 |       -0.17 |
|     265 |            13 |       2 |       -0.49 |
|     265 |            16 |       2 |          -1 |
|     265 |            18 |       2 |        0.62 |
|     265 |            19 |       2 |       -0.19 |
|     265 |            20 |       2 |       -0.31 |
|     265 |            21 |       2 |       -0.19 |
|     265 |            24 |       2 |        0.34 |
|     266 |             2 |       4 |           0 |
|     266 |             3 |       4 |       -0.53 |
|     266 |             4 |       4 |       -0.84 |
|     266 |             8 |       4 |        0.22 |
|     266 |            10 |       4 |       -0.53 |
|     266 |            11 |       4 |           0 |
|     266 |            14 |       4 |       -0.77 |
|     266 |            20 |       4 |       -0.62 |
|     266 |            24 |       4 |       -0.25 |
|     266 |            25 |       4 |        0.32 |
|     266 |            26 |       4 |       -0.71 |
|     266 |            27 |       4 |           0 |
|     267 |             7 |       3 |       -0.78 |
|     267 |             8 |       3 |        0.24 |
|     267 |             9 |       3 |       -0.32 |
|     267 |            10 |       3 |       -0.42 |
|     267 |            12 |       3 |       -0.25 |
|     267 |            17 |       3 |       -0.17 |
|     267 |            18 |       3 |       -0.24 |
|     267 |            21 |       3 |       -0.37 |
|     267 |            22 |       3 |       -0.26 |
|     267 |            23 |       3 |       -0.35 |
|     267 |            25 |       3 |       -0.23 |
|     267 |            26 |       3 |       -0.48 |
|     268 |             2 |       1 |        0.43 |
|     268 |             4 |       1 |           0 |
|     268 |             5 |       1 |       -0.51 |
|     268 |             9 |       1 |        0.27 |
|     268 |            13 |       1 |        0.48 |
|     268 |            14 |       1 |         0.4 |
|     268 |            16 |       1 |          -1 |
|     268 |            17 |       1 |        0.42 |
|     268 |            19 |       1 |       -0.38 |
|     268 |            22 |       1 |        0.52 |
|     268 |            23 |       1 |        0.08 |
|     268 |            27 |       1 |        0.58 |
|     269 |             2 |       4 |        0.18 |
|     269 |             3 |       4 |       -0.62 |
|     269 |             4 |       4 |          -1 |
|     269 |             8 |       4 |        0.68 |
|     269 |            10 |       4 |          -1 |
|     269 |            11 |       4 |        0.42 |
|     269 |            14 |       4 |          -1 |
|     269 |            20 |       4 |       -0.31 |
|     269 |            24 |       4 |        0.45 |
|     269 |            25 |       4 |           0 |
|     269 |            26 |       4 |       -0.91 |
|     269 |            27 |       4 |        0.45 |
|     270 |             2 |       4 |        0.39 |
|     270 |             3 |       4 |       -0.91 |
|     270 |             4 |       4 |       -0.54 |
|     270 |             8 |       4 |           0 |
|     270 |            10 |       4 |          -1 |
|     270 |            11 |       4 |        0.43 |
|     270 |            14 |       4 |       -0.61 |
|     270 |            20 |       4 |        0.75 |
|     270 |            24 |       4 |       -0.19 |
|     270 |            25 |       4 |           0 |
|     270 |            26 |       4 |          -1 |
|     270 |            27 |       4 |       -0.51 |
|     271 |             2 |       4 |        0.52 |
|     271 |             3 |       4 |       -0.51 |
|     271 |             4 |       4 |       -0.47 |
|     271 |             8 |       4 |        0.23 |
|     271 |            10 |       4 |       -0.45 |
|     271 |            11 |       4 |       -0.13 |
|     271 |            14 |       4 |           0 |
|     271 |            20 |       4 |           0 |
|     271 |            24 |       4 |           0 |
|     271 |            25 |       4 |        0.29 |
|     271 |            26 |       4 |       -0.61 |
|     271 |            27 |       4 |         0.4 |
|     272 |             3 |       2 |        -0.2 |
|     272 |             5 |       2 |        0.58 |
|     272 |             7 |       2 |       -0.55 |
|     272 |            11 |       2 |        0.28 |
|     272 |            12 |       2 |        0.68 |
|     272 |            13 |       2 |        0.85 |
|     272 |            16 |       2 |       -0.66 |
|     272 |            18 |       2 |        0.94 |
|     272 |            19 |       2 |        0.69 |
|     272 |            20 |       2 |         0.1 |
|     272 |            21 |       2 |           0 |
|     272 |            24 |       2 |        0.37 |
|     273 |             7 |       3 |       -0.53 |
|     273 |             8 |       3 |         0.1 |
|     273 |             9 |       3 |         0.1 |
|     273 |            10 |       3 |       -0.07 |
|     273 |            12 |       3 |       -0.12 |
|     273 |            17 |       3 |        0.05 |
|     273 |            18 |       3 |           0 |
|     273 |            21 |       3 |           0 |
|     273 |            22 |       3 |         0.3 |
|     273 |            23 |       3 |        0.13 |
|     273 |            25 |       3 |        0.01 |
|     273 |            26 |       3 |       -0.09 |
|     274 |             3 |       2 |       -0.22 |
|     274 |             5 |       2 |           0 |
|     274 |             7 |       2 |           0 |
|     274 |            11 |       2 |        0.01 |
|     274 |            12 |       2 |           0 |
|     274 |            13 |       2 |           0 |
|     274 |            16 |       2 |        -0.4 |
|     274 |            18 |       2 |           0 |
|     274 |            19 |       2 |           0 |
|     274 |            20 |       2 |           0 |
|     274 |            21 |       2 |           0 |
|     274 |            24 |       2 |           0 |
|     275 |             2 |       1 |        0.64 |
|     275 |             4 |       1 |       -0.38 |
|     275 |             5 |       1 |       -0.57 |
|     275 |             9 |       1 |       -0.08 |
|     275 |            13 |       1 |       -0.26 |
|     275 |            14 |       1 |       -0.35 |
|     275 |            16 |       1 |       -0.79 |
|     275 |            17 |       1 |       -0.27 |
|     275 |            19 |       1 |        -0.3 |
|     275 |            22 |       1 |        0.22 |
|     275 |            23 |       1 |           0 |
|     275 |            27 |       1 |           0 |
|     276 |             3 |       2 |       -0.92 |
|     276 |             5 |       2 |        0.27 |
|     276 |             7 |       2 |       -0.57 |
|     276 |            11 |       2 |        0.23 |
|     276 |            12 |       2 |       -0.22 |
|     276 |            13 |       2 |        0.21 |
|     276 |            16 |       2 |       -0.86 |
|     276 |            18 |       2 |        0.32 |
|     276 |            19 |       2 |       -0.71 |
|     276 |            20 |       2 |        0.58 |
|     276 |            21 |       2 |        0.32 |
|     276 |            24 |       2 |       -0.43 |
|     277 |             7 |       3 |       -0.32 |
|     277 |             8 |       3 |        0.44 |
|     277 |             9 |       3 |        0.71 |
|     277 |            10 |       3 |       -0.43 |
|     277 |            12 |       3 |       -0.36 |
|     277 |            17 |       3 |        0.44 |
|     277 |            18 |       3 |        0.52 |
|     277 |            21 |       3 |       -0.36 |
|     277 |            22 |       3 |       -0.43 |
|     277 |            23 |       3 |       -0.36 |
|     277 |            25 |       3 |           0 |
|     277 |            26 |       3 |       -0.43 |
|     278 |             3 |       2 |       -0.26 |
|     278 |             5 |       2 |        0.31 |
|     278 |             7 |       2 |       -0.23 |
|     278 |            11 |       2 |        0.01 |
|     278 |            12 |       2 |       -0.34 |
|     278 |            13 |       2 |        0.56 |
|     278 |            16 |       2 |       -0.21 |
|     278 |            18 |       2 |         0.3 |
|     278 |            19 |       2 |        0.25 |
|     278 |            20 |       2 |           0 |
|     278 |            21 |       2 |           0 |
|     278 |            24 |       2 |         0.3 |
|     280 |             7 |       3 |       -0.71 |
|     280 |             8 |       3 |        0.32 |
|     280 |             9 |       3 |        0.58 |
|     280 |            10 |       3 |        0.66 |
|     280 |            12 |       3 |        0.17 |
|     280 |            17 |       3 |        0.58 |
|     280 |            18 |       3 |        0.35 |
|     280 |            21 |       3 |       -0.27 |
|     280 |            22 |       3 |           0 |
|     280 |            23 |       3 |        -0.3 |
|     280 |            25 |       3 |        0.22 |
|     280 |            26 |       3 |       -0.35 |
|     281 |             2 |       1 |        0.63 |
|     281 |             4 |       1 |       -0.25 |
|     281 |             5 |       1 |       -0.35 |
|     281 |             9 |       1 |        0.38 |
|     281 |            13 |       1 |        0.32 |
|     281 |            14 |       1 |       -0.08 |
|     281 |            16 |       1 |           0 |
|     281 |            17 |       1 |        0.38 |
|     281 |            19 |       1 |        0.35 |
|     281 |            22 |       1 |        0.27 |
|     281 |            23 |       1 |        0.38 |
|     281 |            27 |       1 |        0.17 |
|     282 |             2 |       4 |        0.51 |
|     282 |             3 |       4 |        0.79 |
|     282 |             4 |       4 |        0.68 |
|     282 |             8 |       4 |        0.61 |
|     282 |            10 |       4 |        0.53 |
|     282 |            11 |       4 |        0.51 |
|     282 |            14 |       4 |        0.58 |
|     282 |            20 |       4 |           0 |
|     282 |            24 |       4 |        0.57 |
|     282 |            25 |       4 |        0.61 |
|     282 |            26 |       4 |         0.7 |
|     282 |            27 |       4 |        0.61 |
|     283 |             2 |       1 |        0.08 |
|     283 |             4 |       1 |        0.18 |
|     283 |             5 |       1 |           0 |
|     283 |             9 |       1 |           0 |
|     283 |            13 |       1 |        0.26 |
|     283 |            14 |       1 |           0 |
|     283 |            16 |       1 |       -0.32 |
|     283 |            17 |       1 |         0.1 |
|     283 |            19 |       1 |        0.09 |
|     283 |            22 |       1 |           0 |
|     283 |            23 |       1 |        0.53 |
|     283 |            27 |       1 |        0.27 |
|     284 |             3 |       2 |       -0.82 |
|     284 |             5 |       2 |       -0.06 |
|     284 |             7 |       2 |          -1 |
|     284 |            11 |       2 |        0.08 |
|     284 |            12 |       2 |       -0.35 |
|     284 |            13 |       2 |        0.17 |
|     284 |            16 |       2 |       -0.96 |
|     284 |            18 |       2 |        0.27 |
|     284 |            19 |       2 |       -0.25 |
|     284 |            20 |       2 |       -0.19 |
|     284 |            21 |       2 |           0 |
|     284 |            24 |       2 |       -0.19 |
|     285 |             7 |       3 |        0.36 |
|     285 |             8 |       3 |        0.62 |
|     285 |             9 |       3 |        0.39 |
|     285 |            10 |       3 |        0.29 |
|     285 |            12 |       3 |        0.62 |
|     285 |            17 |       3 |        0.48 |
|     285 |            18 |       3 |        0.74 |
|     285 |            21 |       3 |        0.48 |
|     285 |            22 |       3 |        0.55 |
|     285 |            23 |       3 |        0.58 |
|     285 |            25 |       3 |        0.74 |
|     285 |            26 |       3 |        0.66 |
|     286 |             7 |       3 |          -1 |
|     286 |             8 |       3 |           0 |
|     286 |             9 |       3 |           0 |
|     286 |            10 |       3 |           0 |
|     286 |            12 |       3 |           0 |
|     286 |            17 |       3 |           1 |
|     286 |            18 |       3 |           0 |
|     286 |            21 |       3 |           0 |
|     286 |            22 |       3 |           0 |
|     286 |            23 |       3 |           0 |
|     286 |            25 |       3 |           0 |
|     286 |            26 |       3 |           0 |
|     287 |             2 |       4 |        0.45 |
|     287 |             3 |       4 |       -0.56 |
|     287 |             4 |       4 |        0.47 |
|     287 |             8 |       4 |           1 |
|     287 |            10 |       4 |       -0.75 |
|     287 |            11 |       4 |        0.42 |
|     287 |            14 |       4 |       -0.25 |
|     287 |            20 |       4 |       -0.31 |
|     287 |            24 |       4 |        0.64 |
|     287 |            25 |       4 |        0.77 |
|     287 |            26 |       4 |       -0.22 |
|     287 |            27 |       4 |       -0.18 |
|     288 |             2 |       4 |        0.21 |
|     288 |             3 |       4 |           0 |
|     288 |             4 |       4 |           0 |
|     288 |             8 |       4 |        0.47 |
|     288 |            10 |       4 |        0.31 |
|     288 |            11 |       4 |           0 |
|     288 |            14 |       4 |        0.18 |
|     288 |            20 |       4 |           0 |
|     288 |            24 |       4 |        0.44 |
|     288 |            25 |       4 |        0.13 |
|     288 |            26 |       4 |           0 |
|     288 |            27 |       4 |        0.22 |
|     290 |             3 |       2 |           0 |
|     290 |             5 |       2 |        0.33 |
|     290 |             7 |       2 |       -0.48 |
|     290 |            11 |       2 |        0.52 |
|     290 |            12 |       2 |        0.61 |
|     290 |            13 |       2 |        0.54 |
|     290 |            16 |       2 |       -0.45 |
|     290 |            18 |       2 |        0.71 |
|     290 |            19 |       2 |         0.4 |
|     290 |            20 |       2 |        0.49 |
|     290 |            21 |       2 |        0.05 |
|     290 |            24 |       2 |        0.75 |
|     291 |             2 |       1 |       -0.56 |
|     291 |             4 |       1 |          -1 |
|     291 |             5 |       1 |       -0.77 |
|     291 |             9 |       1 |        0.11 |
|     291 |            13 |       1 |        0.11 |
|     291 |            14 |       1 |       -0.89 |
|     291 |            16 |       1 |          -1 |
|     291 |            17 |       1 |       -0.23 |
|     291 |            19 |       1 |       -0.59 |
|     291 |            22 |       1 |        -0.8 |
|     291 |            23 |       1 |       -0.28 |
|     291 |            27 |       1 |        0.14 |
|     292 |             7 |       3 |           0 |
|     292 |             8 |       3 |           0 |
|     292 |             9 |       3 |           0 |
|     292 |            10 |       3 |           0 |
|     292 |            12 |       3 |           0 |
|     292 |            17 |       3 |           0 |
|     292 |            18 |       3 |           0 |
|     292 |            21 |       3 |           0 |
|     292 |            22 |       3 |           0 |
|     292 |            23 |       3 |           0 |
|     292 |            25 |       3 |           0 |
|     292 |            26 |       3 |           0 |
|     293 |             2 |       1 |        0.26 |
|     293 |             4 |       1 |          -1 |
|     293 |             5 |       1 |        0.14 |
|     293 |             9 |       1 |       -0.64 |
|     293 |            13 |       1 |         0.3 |
|     293 |            14 |       1 |       -0.65 |
|     293 |            16 |       1 |        -0.6 |
|     293 |            17 |       1 |           0 |
|     293 |            19 |       1 |       -0.57 |
|     293 |            22 |       1 |       -0.25 |
|     293 |            23 |       1 |           0 |
|     293 |            27 |       1 |       -0.39 |
|     294 |             2 |       4 |        0.37 |
|     294 |             3 |       4 |          -1 |
|     294 |             4 |       4 |          -1 |
|     294 |             8 |       4 |        0.51 |
|     294 |            10 |       4 |          -1 |
|     294 |            11 |       4 |       -0.25 |
|     294 |            14 |       4 |       -0.42 |
|     294 |            20 |       4 |           0 |
|     294 |            24 |       4 |        0.46 |
|     294 |            25 |       4 |        0.85 |
|     294 |            26 |       4 |       -0.64 |
|     294 |            27 |       4 |           0 |
|     295 |             3 |       2 |          -1 |
|     295 |             5 |       2 |       -0.47 |
|     295 |             7 |       2 |          -1 |
|     295 |            11 |       2 |        0.76 |
|     295 |            12 |       2 |       -0.31 |
|     295 |            13 |       2 |        0.47 |
|     295 |            16 |       2 |          -1 |
|     295 |            18 |       2 |        0.55 |
|     295 |            19 |       2 |        0.34 |
|     295 |            20 |       2 |       -0.93 |
|     295 |            21 |       2 |          -1 |
|     295 |            24 |       2 |       -0.92 |
|     296 |             2 |       1 |           0 |
|     296 |             4 |       1 |           0 |
|     296 |             5 |       1 |           0 |
|     296 |             9 |       1 |        0.26 |
|     296 |            13 |       1 |           0 |
|     296 |            14 |       1 |        0.14 |
|     296 |            16 |       1 |       -0.51 |
|     296 |            17 |       1 |        0.18 |
|     296 |            19 |       1 |        0.12 |
|     296 |            22 |       1 |       -0.17 |
|     296 |            23 |       1 |        0.17 |
|     296 |            27 |       1 |        0.48 |
|     297 |             2 |       4 |       -0.25 |
|     297 |             3 |       4 |       -0.86 |
|     297 |             4 |       4 |       -0.95 |
|     297 |             8 |       4 |       -0.12 |
|     297 |            10 |       4 |        -0.9 |
|     297 |            11 |       4 |       -0.34 |
|     297 |            14 |       4 |       -0.81 |
|     297 |            20 |       4 |       -0.28 |
|     297 |            24 |       4 |       -0.12 |
|     297 |            25 |       4 |       -0.62 |
|     297 |            26 |       4 |       -0.71 |
|     297 |            27 |       4 |       -0.31 |
|     298 |             7 |       3 |       -0.43 |
|     298 |             8 |       3 |        0.84 |
|     298 |             9 |       3 |        0.21 |
|     298 |            10 |       3 |        0.26 |
|     298 |            12 |       3 |       -0.22 |
|     298 |            17 |       3 |        0.29 |
|     298 |            18 |       3 |        0.45 |
|     298 |            21 |       3 |           0 |
|     298 |            22 |       3 |        0.32 |
|     298 |            23 |       3 |        0.08 |
|     298 |            25 |       3 |        0.17 |
|     298 |            26 |       3 |       -0.16 |
|     299 |             3 |       2 |          -1 |
|     299 |             5 |       2 |       -0.58 |
|     299 |             7 |       2 |       -0.68 |
|     299 |            11 |       2 |       -0.44 |
|     299 |            12 |       2 |           0 |
|     299 |            13 |       2 |        0.51 |
|     299 |            16 |       2 |          -1 |
|     299 |            18 |       2 |       -0.38 |
|     299 |            19 |       2 |           0 |
|     299 |            20 |       2 |       -0.45 |
|     299 |            21 |       2 |       -0.29 |
|     299 |            24 |       2 |        0.16 |